NAMELSAD,STUSPS,event_index,category,ISSUE_TIME,START_TIME,END_TIME
Cuming County,NE,1,LIMITED,202401300600,05Z 01/30/24,00Z 02/02/24
Wahkiakum County,WA,0,N/S,202401300600,05Z 01/30/24,00Z 02/02/24
De Baca County,NM,0,N/S,202401300600,05Z 01/30/24,00Z 02/02/24
Lancaster County,NE,1,LIMITED,202401300600,05Z 01/30/24,00Z 02/02/24
Nuckolls County,NE,1,LIMITED,202401300600,05Z 01/30/24,00Z 02/02/24
Las Piedras Municipio,PR,0,N/S,202401300600,05Z 01/30/24,00Z 02/02/24
Minnehaha County,SD,1,LIMITED,202401300600,05Z 01/30/24,00Z 02/02/24
Menard County,TX,0,N/S,202401300600,05Z 01/30/24,00Z 02/02/24
Sierra County,CA,4,MAJOR,202401300600,05Z 01/30/24,00Z 02/02/24
Clinton County,KY,0,N/S,202401300600,05Z 01/30/24,00Z 02/02/24
Hancock County,OH,0,N/S,202401300600,05Z 01/30/24,00Z 02/02/24
Hale County,TX,0,N/S,202401300600,05Z 01/30/24,00Z 02/02/24
Clay County,AL,0,N/S,202401300600,05Z 01/30/24,00Z 02/02/24
Armstrong County,TX,0,N/S,202401300600,05Z 01/30/24,00Z 02/02/24
Allen County,OH,0,N/S,202401300600,05Z 01/30/24,00Z 02/02/24
McDuffie County,GA,0,N/S,202401300600,05Z 01/30/24,00Z 02/02/24
Sauk County,WI,1,LIMITED,202401300600,05Z 01/30/24,00Z 02/02/24
Stone County,AR,0,N/S,202401300600,05Z 01/30/24,00Z 02/02/24
Wallowa County,OR,0,N/S,202401300600,05Z 01/30/24,00Z 02/02/24
Beaver County,PA,0,N/S,202401300600,05Z 01/30/24,00Z 02/02/24
Jasper County,MS,0,N/S,202401300600,05Z 01/30/24,00Z 02/02/24
Henry County,MO,0,N/S,202401300600,05Z 01/30/24,00Z 02/02/24
Saguache County,CO,2,MINOR,202401300600,05Z 01/30/24,00Z 02/02/24
Chatham County,NC,0,N/S,202401300600,05Z 01/30/24,00Z 02/02/24
Rich County,UT,1,LIMITED,202401300600,05Z 01/30/24,00Z 02/02/24
Adair County,OK,0,N/S,202401300600,05Z 01/30/24,00Z 02/02/24
Lake County,OH,0,N/S,202401300600,05Z 01/30/24,00Z 02/02/24
Salem city,VA,1,LIMITED,202401300600,05Z 01/30/24,00Z 02/02/24
Montgomery County,VA,1,LIMITED,202401300600,05Z 01/30/24,00Z 02/02/24
Hamilton County,TN,0,N/S,202401300600,05Z 01/30/24,00Z 02/02/24
Otero County,NM,0,N/S,202401300600,05Z 01/30/24,00Z 02/02/24
Catron County,NM,1,LIMITED,202401300600,05Z 01/30/24,00Z 02/02/24
Marengo County,AL,0,N/S,202401300600,05Z 01/30/24,00Z 02/02/24
Lincoln County,WY,1,LIMITED,202401300600,05Z 01/30/24,00Z 02/02/24
Barton County,MO,0,N/S,202401300600,05Z 01/30/24,00Z 02/02/24
Calhoun County,TX,0,N/S,202401300600,05Z 01/30/24,00Z 02/02/24
Poquoson city,VA,0,N/S,202401300600,05Z 01/30/24,00Z 02/02/24
Pocahontas County,WV,1,LIMITED,202401300600,05Z 01/30/24,00Z 02/02/24
Clay County,TX,0,N/S,202401300600,05Z 01/30/24,00Z 02/02/24
James City County,VA,0,N/S,202401300600,05Z 01/30/24,00Z 02/02/24
Keith County,NE,0,N/S,202401300600,05Z 01/30/24,00Z 02/02/24
Phelps County,NE,1,LIMITED,202401300600,05Z 01/30/24,00Z 02/02/24
Calcasieu Parish,LA,0,N/S,202401300600,05Z 01/30/24,00Z 02/02/24
Union Parish,LA,0,N/S,202401300600,05Z 01/30/24,00Z 02/02/24
Sequoyah County,OK,0,N/S,202401300600,05Z 01/30/24,00Z 02/02/24
DeKalb County,AL,0,N/S,202401300600,05Z 01/30/24,00Z 02/02/24
Steuben County,NY,1,LIMITED,202401300600,05Z 01/30/24,00Z 02/02/24
Forest County,PA,1,LIMITED,202401300600,05Z 01/30/24,00Z 02/02/24
Tangipahoa Parish,LA,0,N/S,202401300600,05Z 01/30/24,00Z 02/02/24
Stafford County,VA,0,N/S,202401300600,05Z 01/30/24,00Z 02/02/24
Menominee County,MI,1,LIMITED,202401300600,05Z 01/30/24,00Z 02/02/24
Jasper County,IN,0,N/S,202401300600,05Z 01/30/24,00Z 02/02/24
Brantley County,GA,0,N/S,202401300600,05Z 01/30/24,00Z 02/02/24
Lamar County,GA,0,N/S,202401300600,05Z 01/30/24,00Z 02/02/24
Steuben County,IN,0,N/S,202401300600,05Z 01/30/24,00Z 02/02/24
Orange County,TX,0,N/S,202401300600,05Z 01/30/24,00Z 02/02/24
Fayette County,OH,0,N/S,202401300600,05Z 01/30/24,00Z 02/02/24
Hampshire County,MA,0,N/S,202401300600,05Z 01/30/24,00Z 02/02/24
Allen County,KY,0,N/S,202401300600,05Z 01/30/24,00Z 02/02/24
Alamance County,NC,0,N/S,202401300600,05Z 01/30/24,00Z 02/02/24
Greenwood County,KS,0,N/S,202401300600,05Z 01/30/24,00Z 02/02/24
Suffolk County,MA,0,N/S,202401300600,05Z 01/30/24,00Z 02/02/24
Jefferson County,ID,2,MINOR,202401300600,05Z 01/30/24,00Z 02/02/24
Gonzales County,TX,0,N/S,202401300600,05Z 01/30/24,00Z 02/02/24
Marion County,TN,0,N/S,202401300600,05Z 01/30/24,00Z 02/02/24
Alpena County,MI,0,N/S,202401300600,05Z 01/30/24,00Z 02/02/24
Wayne County,KY,0,N/S,202401300600,05Z 01/30/24,00Z 02/02/24
White County,TN,0,N/S,202401300600,05Z 01/30/24,00Z 02/02/24
Fannin County,TX,0,N/S,202401300600,05Z 01/30/24,00Z 02/02/24
Doniphan County,KS,1,LIMITED,202401300600,05Z 01/30/24,00Z 02/02/24
Kerr County,TX,0,N/S,202401300600,05Z 01/30/24,00Z 02/02/24
Hernando County,FL,0,N/S,202401300600,05Z 01/30/24,00Z 02/02/24
Wakulla County,FL,0,N/S,202401300600,05Z 01/30/24,00Z 02/02/24
Walton County,FL,0,N/S,202401300600,05Z 01/30/24,00Z 02/02/24
Chickasaw County,MS,0,N/S,202401300600,05Z 01/30/24,00Z 02/02/24
Ketchikan Gateway Borough,AK,0,N/S,202401300600,05Z 01/30/24,00Z 02/02/24
Clare County,MI,0,N/S,202401300600,05Z 01/30/24,00Z 02/02/24
Republic County,KS,0,N/S,202401300600,05Z 01/30/24,00Z 02/02/24
Volusia County,FL,0,N/S,202401300600,05Z 01/30/24,00Z 02/02/24
Canadian County,OK,0,N/S,202401300600,05Z 01/30/24,00Z 02/02/24
Quebradillas Municipio,PR,0,N/S,202401300600,05Z 01/30/24,00Z 02/02/24
St. Thomas Island,VI,0,N/S,202401300600,05Z 01/30/24,00Z 02/02/24
Floyd County,GA,0,N/S,202401300600,05Z 01/30/24,00Z 02/02/24
Churchill County,NV,1,LIMITED,202401300600,05Z 01/30/24,00Z 02/02/24
Webster County,NE,1,LIMITED,202401300600,05Z 01/30/24,00Z 02/02/24
Hancock County,IL,0,N/S,202401300600,05Z 01/30/24,00Z 02/02/24
Hutchinson County,SD,1,LIMITED,202401300600,05Z 01/30/24,00Z 02/02/24
Crook County,OR,1,LIMITED,202401300600,05Z 01/30/24,00Z 02/02/24
Franklin County,VT,1,LIMITED,202401300600,05Z 01/30/24,00Z 02/02/24
Marquette County,MI,1,LIMITED,202401300600,05Z 01/30/24,00Z 02/02/24
Davidson County,NC,0,N/S,202401300600,05Z 01/30/24,00Z 02/02/24
Clay County,IL,0,N/S,202401300600,05Z 01/30/24,00Z 02/02/24
Knox County,MO,1,LIMITED,202401300600,05Z 01/30/24,00Z 02/02/24
Livingston County,MO,1,LIMITED,202401300600,05Z 01/30/24,00Z 02/02/24
Tioga County,PA,1,LIMITED,202401300600,05Z 01/30/24,00Z 02/02/24
Dakota County,NE,1,LIMITED,202401300600,05Z 01/30/24,00Z 02/02/24
Leelanau County,MI,0,N/S,202401300600,05Z 01/30/24,00Z 02/02/24
Surry County,VA,0,N/S,202401300600,05Z 01/30/24,00Z 02/02/24
Refugio County,TX,0,N/S,202401300600,05Z 01/30/24,00Z 02/02/24
Butler County,OH,0,N/S,202401300600,05Z 01/30/24,00Z 02/02/24
Terrell County,GA,0,N/S,202401300600,05Z 01/30/24,00Z 02/02/24
Clayton County,GA,0,N/S,202401300600,05Z 01/30/24,00Z 02/02/24
Fremont County,WY,1,LIMITED,202401300600,05Z 01/30/24,00Z 02/02/24
Ohio County,IN,0,N/S,202401300600,05Z 01/30/24,00Z 02/02/24
Columbia County,GA,0,N/S,202401300600,05Z 01/30/24,00Z 02/02/24
Sedgwick County,CO,0,N/S,202401300600,05Z 01/30/24,00Z 02/02/24
Musselshell County,MT,0,N/S,202401300600,05Z 01/30/24,00Z 02/02/24
Dauphin County,PA,0,N/S,202401300600,05Z 01/30/24,00Z 02/02/24
Moody County,SD,1,LIMITED,202401300600,05Z 01/30/24,00Z 02/02/24
Putnam County,WV,0,N/S,202401300600,05Z 01/30/24,00Z 02/02/24
Sussex County,NJ,1,LIMITED,202401300600,05Z 01/30/24,00Z 02/02/24
Decatur County,KS,0,N/S,202401300600,05Z 01/30/24,00Z 02/02/24
Perry County,IN,1,LIMITED,202401300600,05Z 01/30/24,00Z 02/02/24
Union County,MS,0,N/S,202401300600,05Z 01/30/24,00Z 02/02/24
Boyd County,NE,1,LIMITED,202401300600,05Z 01/30/24,00Z 02/02/24
Mille Lacs County,MN,1,LIMITED,202401300600,05Z 01/30/24,00Z 02/02/24
Walsh County,ND,1,LIMITED,202401300600,05Z 01/30/24,00Z 02/02/24
Morgan County,OH,0,N/S,202401300600,05Z 01/30/24,00Z 02/02/24
Portage County,OH,0,N/S,202401300600,05Z 01/30/24,00Z 02/02/24
Uinta County,WY,1,LIMITED,202401300600,05Z 01/30/24,00Z 02/02/24
Humboldt County,NV,1,LIMITED,202401300600,05Z 01/30/24,00Z 02/02/24
Jim Hogg County,TX,0,N/S,202401300600,05Z 01/30/24,00Z 02/02/24
Cheyenne County,CO,0,N/S,202401300600,05Z 01/30/24,00Z 02/02/24
Clackamas County,OR,0,N/S,202401300600,05Z 01/30/24,00Z 02/02/24
Polk County,AR,0,N/S,202401300600,05Z 01/30/24,00Z 02/02/24
Macon County,GA,0,N/S,202401300600,05Z 01/30/24,00Z 02/02/24
Benton County,IN,0,N/S,202401300600,05Z 01/30/24,00Z 02/02/24
Morgan County,TN,0,N/S,202401300600,05Z 01/30/24,00Z 02/02/24
Douglas County,SD,1,LIMITED,202401300600,05Z 01/30/24,00Z 02/02/24
Worcester County,MD,0,N/S,202401300600,05Z 01/30/24,00Z 02/02/24
Wabash County,IL,0,N/S,202401300600,05Z 01/30/24,00Z 02/02/24
Huntington County,IN,0,N/S,202401300600,05Z 01/30/24,00Z 02/02/24
Scott County,KY,0,N/S,202401300600,05Z 01/30/24,00Z 02/02/24
Decatur County,IA,1,LIMITED,202401300600,05Z 01/30/24,00Z 02/02/24
Wabash County,IN,0,N/S,202401300600,05Z 01/30/24,00Z 02/02/24
Allen County,IN,0,N/S,202401300600,05Z 01/30/24,00Z 02/02/24
Marshall County,IN,0,N/S,202401300600,05Z 01/30/24,00Z 02/02/24
Thomas County,NE,0,N/S,202401300600,05Z 01/30/24,00Z 02/02/24
Sioux County,ND,1,LIMITED,202401300600,05Z 01/30/24,00Z 02/02/24
Dimmit County,TX,0,N/S,202401300600,05Z 01/30/24,00Z 02/02/24
Fillmore County,MN,1,LIMITED,202401300600,05Z 01/30/24,00Z 02/02/24
Chester County,SC,0,N/S,202401300600,05Z 01/30/24,00Z 02/02/24
Lac qui Parle County,MN,1,LIMITED,202401300600,05Z 01/30/24,00Z 02/02/24
Cache County,UT,1,LIMITED,202401300600,05Z 01/30/24,00Z 02/02/24
Pierce County,WI,1,LIMITED,202401300600,05Z 01/30/24,00Z 02/02/24
Charlton County,GA,0,N/S,202401300600,05Z 01/30/24,00Z 02/02/24
Polk County,GA,0,N/S,202401300600,05Z 01/30/24,00Z 02/02/24
McLean County,IL,0,N/S,202401300600,05Z 01/30/24,00Z 02/02/24
Androscoggin County,ME,0,N/S,202401300600,05Z 01/30/24,00Z 02/02/24
Kootenai County,ID,0,N/S,202401300600,05Z 01/30/24,00Z 02/02/24
Clark County,NV,0,N/S,202401300600,05Z 01/30/24,00Z 02/02/24
Phillips County,KS,1,LIMITED,202401300600,05Z 01/30/24,00Z 02/02/24
Holt County,NE,1,LIMITED,202401300600,05Z 01/30/24,00Z 02/02/24
Johnson County,MO,1,LIMITED,202401300600,05Z 01/30/24,00Z 02/02/24
La Crosse County,WI,1,LIMITED,202401300600,05Z 01/30/24,00Z 02/02/24
Caldwell Parish,LA,0,N/S,202401300600,05Z 01/30/24,00Z 02/02/24
Edmonson County,KY,0,N/S,202401300600,05Z 01/30/24,00Z 02/02/24
Bond County,IL,0,N/S,202401300600,05Z 01/30/24,00Z 02/02/24
Brown County,IL,0,N/S,202401300600,05Z 01/30/24,00Z 02/02/24
McLeod County,MN,1,LIMITED,202401300600,05Z 01/30/24,00Z 02/02/24
Dunn County,WI,1,LIMITED,202401300600,05Z 01/30/24,00Z 02/02/24
Custer County,CO,1,LIMITED,202401300600,05Z 01/30/24,00Z 02/02/24
Madison County,MO,0,N/S,202401300600,05Z 01/30/24,00Z 02/02/24
Nolan County,TX,0,N/S,202401300600,05Z 01/30/24,00Z 02/02/24
Wayne County,PA,1,LIMITED,202401300600,05Z 01/30/24,00Z 02/02/24
Saratoga County,NY,1,LIMITED,202401300600,05Z 01/30/24,00Z 02/02/24
Brazos County,TX,0,N/S,202401300600,05Z 01/30/24,00Z 02/02/24
Marshall County,OK,0,N/S,202401300600,05Z 01/30/24,00Z 02/02/24
Allegany County,MD,1,LIMITED,202401300600,05Z 01/30/24,00Z 02/02/24
Wetzel County,WV,0,N/S,202401300600,05Z 01/30/24,00Z 02/02/24
Jackson County,WI,1,LIMITED,202401300600,05Z 01/30/24,00Z 02/02/24
Clatsop County,OR,0,N/S,202401300600,05Z 01/30/24,00Z 02/02/24
Lewis County,WA,0,N/S,202401300600,05Z 01/30/24,00Z 02/02/24
Allegany County,NY,1,LIMITED,202401300600,05Z 01/30/24,00Z 02/02/24
Cedar County,IA,1,LIMITED,202401300600,05Z 01/30/24,00Z 02/02/24
Orange County,IN,1,LIMITED,202401300600,05Z 01/30/24,00Z 02/02/24
DeKalb County,GA,0,N/S,202401300600,05Z 01/30/24,00Z 02/02/24
Pickens County,GA,0,N/S,202401300600,05Z 01/30/24,00Z 02/02/24
Chouteau County,MT,0,N/S,202401300600,05Z 01/30/24,00Z 02/02/24
Brown County,NE,1,LIMITED,202401300600,05Z 01/30/24,00Z 02/02/24
Campbell County,TN,0,N/S,202401300600,05Z 01/30/24,00Z 02/02/24
Franklin County,NC,0,N/S,202401300600,05Z 01/30/24,00Z 02/02/24
Baltimore city,MD,0,N/S,202401300600,05Z 01/30/24,00Z 02/02/24
Lyon County,KS,1,LIMITED,202401300600,05Z 01/30/24,00Z 02/02/24
Carroll County,IA,1,LIMITED,202401300600,05Z 01/30/24,00Z 02/02/24
Tensas Parish,LA,0,N/S,202401300600,05Z 01/30/24,00Z 02/02/24
Monroe County,TN,0,N/S,202401300600,05Z 01/30/24,00Z 02/02/24
Hamilton County,KS,0,N/S,202401300600,05Z 01/30/24,00Z 02/02/24
Pocahontas County,IA,1,LIMITED,202401300600,05Z 01/30/24,00Z 02/02/24
Gem County,ID,1,LIMITED,202401300600,05Z 01/30/24,00Z 02/02/24
Independence County,AR,0,N/S,202401300600,05Z 01/30/24,00Z 02/02/24
Lonoke County,AR,0,N/S,202401300600,05Z 01/30/24,00Z 02/02/24
Newton County,IN,0,N/S,202401300600,05Z 01/30/24,00Z 02/02/24
Franklin County,GA,0,N/S,202401300600,05Z 01/30/24,00Z 02/02/24
Hendry County,FL,0,N/S,202401300600,05Z 01/30/24,00Z 02/02/24
Taliaferro County,GA,0,N/S,202401300600,05Z 01/30/24,00Z 02/02/24
Jefferson County,TX,0,N/S,202401300600,05Z 01/30/24,00Z 02/02/24
Meagher County,MT,1,LIMITED,202401300600,05Z 01/30/24,00Z 02/02/24
La Plata County,CO,1,LIMITED,202401300600,05Z 01/30/24,00Z 02/02/24
Bell County,TX,0,N/S,202401300600,05Z 01/30/24,00Z 02/02/24
Kemper County,MS,0,N/S,202401300600,05Z 01/30/24,00Z 02/02/24
Clark County,AR,0,N/S,202401300600,05Z 01/30/24,00Z 02/02/24
Klamath County,OR,1,LIMITED,202401300600,05Z 01/30/24,00Z 02/02/24
Oswego County,NY,0,N/S,202401300600,05Z 01/30/24,00Z 02/02/24
Naranjito Municipio,PR,0,N/S,202401300600,05Z 01/30/24,00Z 02/02/24
Cherokee County,AL,0,N/S,202401300600,05Z 01/30/24,00Z 02/02/24
Bandera County,TX,0,N/S,202401300600,05Z 01/30/24,00Z 02/02/24
Rosebud County,MT,0,N/S,202401300600,05Z 01/30/24,00Z 02/02/24
Union County,NM,0,N/S,202401300600,05Z 01/30/24,00Z 02/02/24
Schoolcraft County,MI,1,LIMITED,202401300600,05Z 01/30/24,00Z 02/02/24
Ulster County,NY,1,LIMITED,202401300600,05Z 01/30/24,00Z 02/02/24
Camden County,NJ,0,N/S,202401300600,05Z 01/30/24,00Z 02/02/24
Jersey County,IL,0,N/S,202401300600,05Z 01/30/24,00Z 02/02/24
Hanover County,VA,0,N/S,202401300600,05Z 01/30/24,00Z 02/02/24
Wallace County,KS,0,N/S,202401300600,05Z 01/30/24,00Z 02/02/24
Alger County,MI,0,N/S,202401300600,05Z 01/30/24,00Z 02/02/24
Fulton County,AR,0,N/S,202401300600,05Z 01/30/24,00Z 02/02/24
Hidalgo County,TX,0,N/S,202401300600,05Z 01/30/24,00Z 02/02/24
Robeson County,NC,0,N/S,202401300600,05Z 01/30/24,00Z 02/02/24
Newaygo County,MI,0,N/S,202401300600,05Z 01/30/24,00Z 02/02/24
Morrow County,OR,0,N/S,202401300600,05Z 01/30/24,00Z 02/02/24
Todd County,MN,1,LIMITED,202401300600,05Z 01/30/24,00Z 02/02/24
Logan County,AR,0,N/S,202401300600,05Z 01/30/24,00Z 02/02/24
Lincoln County,NC,0,N/S,202401300600,05Z 01/30/24,00Z 02/02/24
Miller County,AR,0,N/S,202401300600,05Z 01/30/24,00Z 02/02/24
Orange County,FL,0,N/S,202401300600,05Z 01/30/24,00Z 02/02/24
San Juan County,CO,2,MINOR,202401300600,05Z 01/30/24,00Z 02/02/24
Franklin County,ID,1,LIMITED,202401300600,05Z 01/30/24,00Z 02/02/24
Carroll County,GA,0,N/S,202401300600,05Z 01/30/24,00Z 02/02/24
Riley County,KS,1,LIMITED,202401300600,05Z 01/30/24,00Z 02/02/24
Schleicher County,TX,0,N/S,202401300600,05Z 01/30/24,00Z 02/02/24
Russell County,VA,1,LIMITED,202401300600,05Z 01/30/24,00Z 02/02/24
Caldwell County,NC,0,N/S,202401300600,05Z 01/30/24,00Z 02/02/24
Madison County,ID,1,LIMITED,202401300600,05Z 01/30/24,00Z 02/02/24
Warrick County,IN,0,N/S,202401300600,05Z 01/30/24,00Z 02/02/24
Adair County,KY,0,N/S,202401300600,05Z 01/30/24,00Z 02/02/24
Gallatin County,KY,0,N/S,202401300600,05Z 01/30/24,00Z 02/02/24
Harrison County,KY,0,N/S,202401300600,05Z 01/30/24,00Z 02/02/24
Sagadahoc County,ME,0,N/S,202401300600,05Z 01/30/24,00Z 02/02/24
Sweet Grass County,MT,0,N/S,202401300600,05Z 01/30/24,00Z 02/02/24
Grayson County,TX,0,N/S,202401300600,05Z 01/30/24,00Z 02/02/24
Greene County,PA,0,N/S,202401300600,05Z 01/30/24,00Z 02/02/24
Northwest Arctic Borough,AK,0,N/S,202401300600,05Z 01/30/24,00Z 02/02/24
Ellis County,KS,0,N/S,202401300600,05Z 01/30/24,00Z 02/02/24
Hale County,AL,0,N/S,202401300600,05Z 01/30/24,00Z 02/02/24
Perry County,AL,0,N/S,202401300600,05Z 01/30/24,00Z 02/02/24
Colbert County,AL,0,N/S,202401300600,05Z 01/30/24,00Z 02/02/24
Pratt County,KS,0,N/S,202401300600,05Z 01/30/24,00Z 02/02/24
Bourbon County,KY,0,N/S,202401300600,05Z 01/30/24,00Z 02/02/24
Rutherford County,TN,0,N/S,202401300600,05Z 01/30/24,00Z 02/02/24
Cook County,GA,0,N/S,202401300600,05Z 01/30/24,00Z 02/02/24
Lane County,KS,0,N/S,202401300600,05Z 01/30/24,00Z 02/02/24
Harper County,OK,0,N/S,202401300600,05Z 01/30/24,00Z 02/02/24
Piatt County,IL,0,N/S,202401300600,05Z 01/30/24,00Z 02/02/24
Crosby County,TX,0,N/S,202401300600,05Z 01/30/24,00Z 02/02/24
Fajardo Municipio,PR,0,N/S,202401300600,05Z 01/30/24,00Z 02/02/24
Greene County,AL,0,N/S,202401300600,05Z 01/30/24,00Z 02/02/24
Clark County,ID,2,MINOR,202401300600,05Z 01/30/24,00Z 02/02/24
Kossuth County,IA,1,LIMITED,202401300600,05Z 01/30/24,00Z 02/02/24
Yabucoa Municipio,PR,0,N/S,202401300600,05Z 01/30/24,00Z 02/02/24
Burke County,ND,1,LIMITED,202401300600,05Z 01/30/24,00Z 02/02/24
Durham County,NC,0,N/S,202401300600,05Z 01/30/24,00Z 02/02/24
Harrison County,IA,1,LIMITED,202401300600,05Z 01/30/24,00Z 02/02/24
Keya Paha County,NE,1,LIMITED,202401300600,05Z 01/30/24,00Z 02/02/24
Webster County,IA,1,LIMITED,202401300600,05Z 01/30/24,00Z 02/02/24
Pope County,IL,0,N/S,202401300600,05Z 01/30/24,00Z 02/02/24
Smith County,TN,0,N/S,202401300600,05Z 01/30/24,00Z 02/02/24
Henry County,VA,0,N/S,202401300600,05Z 01/30/24,00Z 02/02/24
Alexandria city,VA,0,N/S,202401300600,05Z 01/30/24,00Z 02/02/24
Jefferson County,IA,1,LIMITED,202401300600,05Z 01/30/24,00Z 02/02/24
Lewis and Clark County,MT,0,N/S,202401300600,05Z 01/30/24,00Z 02/02/24
Duchesne County,UT,2,MINOR,202401300600,05Z 01/30/24,00Z 02/02/24
Alfalfa County,OK,0,N/S,202401300600,05Z 01/30/24,00Z 02/02/24
Delta County,TX,0,N/S,202401300600,05Z 01/30/24,00Z 02/02/24
Trousdale County,TN,0,N/S,202401300600,05Z 01/30/24,00Z 02/02/24
Perry County,KY,0,N/S,202401300600,05Z 01/30/24,00Z 02/02/24
Deuel County,SD,1,LIMITED,202401300600,05Z 01/30/24,00Z 02/02/24
Jackson County,OR,0,N/S,202401300600,05Z 01/30/24,00Z 02/02/24
Hormigueros Municipio,PR,0,N/S,202401300600,05Z 01/30/24,00Z 02/02/24
Zavala County,TX,0,N/S,202401300600,05Z 01/30/24,00Z 02/02/24
Banner County,NE,0,N/S,202401300600,05Z 01/30/24,00Z 02/02/24
Madison County,IA,1,LIMITED,202401300600,05Z 01/30/24,00Z 02/02/24
Broward County,FL,0,N/S,202401300600,05Z 01/30/24,00Z 02/02/24
Toombs County,GA,0,N/S,202401300600,05Z 01/30/24,00Z 02/02/24
Sanilac County,MI,0,N/S,202401300600,05Z 01/30/24,00Z 02/02/24
Rockwall County,TX,0,N/S,202401300600,05Z 01/30/24,00Z 02/02/24
Wayne County,MI,0,N/S,202401300600,05Z 01/30/24,00Z 02/02/24
Nobles County,MN,1,LIMITED,202401300600,05Z 01/30/24,00Z 02/02/24
Aitkin County,MN,1,LIMITED,202401300600,05Z 01/30/24,00Z 02/02/24
Ramsey County,ND,1,LIMITED,202401300600,05Z 01/30/24,00Z 02/02/24
Person County,NC,0,N/S,202401300600,05Z 01/30/24,00Z 02/02/24
Trego County,KS,0,N/S,202401300600,05Z 01/30/24,00Z 02/02/24
Washington County,MS,0,N/S,202401300600,05Z 01/30/24,00Z 02/02/24
Eastland County,TX,0,N/S,202401300600,05Z 01/30/24,00Z 02/02/24
Issaquena County,MS,0,N/S,202401300600,05Z 01/30/24,00Z 02/02/24
DeWitt County,TX,0,N/S,202401300600,05Z 01/30/24,00Z 02/02/24
Angelina County,TX,0,N/S,202401300600,05Z 01/30/24,00Z 02/02/24
Saluda County,SC,0,N/S,202401300600,05Z 01/30/24,00Z 02/02/24
Maries County,MO,0,N/S,202401300600,05Z 01/30/24,00Z 02/02/24
Arkansas County,AR,0,N/S,202401300600,05Z 01/30/24,00Z 02/02/24
Lawrence County,MO,0,N/S,202401300600,05Z 01/30/24,00Z 02/02/24
Charlottesville city,VA,0,N/S,202401300600,05Z 01/30/24,00Z 02/02/24
Bureau County,IL,1,LIMITED,202401300600,05Z 01/30/24,00Z 02/02/24
Scioto County,OH,0,N/S,202401300600,05Z 01/30/24,00Z 02/02/24
Madison County,NC,1,LIMITED,202401300600,05Z 01/30/24,00Z 02/02/24
Jerome County,ID,1,LIMITED,202401300600,05Z 01/30/24,00Z 02/02/24
Vinton County,OH,0,N/S,202401300600,05Z 01/30/24,00Z 02/02/24
McLennan County,TX,0,N/S,202401300600,05Z 01/30/24,00Z 02/02/24
Custer County,ID,1,LIMITED,202401300600,05Z 01/30/24,00Z 02/02/24
Howard County,IA,1,LIMITED,202401300600,05Z 01/30/24,00Z 02/02/24
Palm Beach County,FL,0,N/S,202401300600,05Z 01/30/24,00Z 02/02/24
Lincoln County,GA,0,N/S,202401300600,05Z 01/30/24,00Z 02/02/24
Butler County,AL,0,N/S,202401300600,05Z 01/30/24,00Z 02/02/24
Sumner County,TN,0,N/S,202401300600,05Z 01/30/24,00Z 02/02/24
King and Queen County,VA,0,N/S,202401300600,05Z 01/30/24,00Z 02/02/24
Carroll County,AR,0,N/S,202401300600,05Z 01/30/24,00Z 02/02/24
Waynesboro city,VA,1,LIMITED,202401300600,05Z 01/30/24,00Z 02/02/24
Sitka City and Borough,AK,0,N/S,202401300600,05Z 01/30/24,00Z 02/02/24
Multnomah County,OR,0,N/S,202401300600,05Z 01/30/24,00Z 02/02/24
Grundy County,TN,0,N/S,202401300600,05Z 01/30/24,00Z 02/02/24
Hubbard County,MN,1,LIMITED,202401300600,05Z 01/30/24,00Z 02/02/24
Sargent County,ND,1,LIMITED,202401300600,05Z 01/30/24,00Z 02/02/24
St. Lawrence County,NY,1,LIMITED,202401300600,05Z 01/30/24,00Z 02/02/24
Reynolds County,MO,0,N/S,202401300600,05Z 01/30/24,00Z 02/02/24
Sacramento County,CA,0,N/S,202401300600,05Z 01/30/24,00Z 02/02/24
Paulding County,OH,0,N/S,202401300600,05Z 01/30/24,00Z 02/02/24
Wells County,IN,0,N/S,202401300600,05Z 01/30/24,00Z 02/02/24
Floyd County,VA,1,LIMITED,202401300600,05Z 01/30/24,00Z 02/02/24
Santa Barbara County,CA,0,N/S,202401300600,05Z 01/30/24,00Z 02/02/24
Boone County,WV,0,N/S,202401300600,05Z 01/30/24,00Z 02/02/24
Benton County,MS,0,N/S,202401300600,05Z 01/30/24,00Z 02/02/24
Crittenden County,KY,0,N/S,202401300600,05Z 01/30/24,00Z 02/02/24
Palo Alto County,IA,1,LIMITED,202401300600,05Z 01/30/24,00Z 02/02/24
Ringgold County,IA,1,LIMITED,202401300600,05Z 01/30/24,00Z 02/02/24
Randolph County,NC,0,N/S,202401300600,05Z 01/30/24,00Z 02/02/24
Cecil County,MD,0,N/S,202401300600,05Z 01/30/24,00Z 02/02/24
Warren County,IN,0,N/S,202401300600,05Z 01/30/24,00Z 02/02/24
Greeley County,NE,1,LIMITED,202401300600,05Z 01/30/24,00Z 02/02/24
Jefferson County,NE,1,LIMITED,202401300600,05Z 01/30/24,00Z 02/02/24
Saline County,NE,1,LIMITED,202401300600,05Z 01/30/24,00Z 02/02/24
Knott County,KY,0,N/S,202401300600,05Z 01/30/24,00Z 02/02/24
Clinton County,IA,1,LIMITED,202401300600,05Z 01/30/24,00Z 02/02/24
Jackson County,MN,1,LIMITED,202401300600,05Z 01/30/24,00Z 02/02/24
Dodge County,MN,1,LIMITED,202401300600,05Z 01/30/24,00Z 02/02/24
Freeborn County,MN,1,LIMITED,202401300600,05Z 01/30/24,00Z 02/02/24
Calaveras County,CA,0,N/S,202401300600,05Z 01/30/24,00Z 02/02/24
Barnstable County,MA,0,N/S,202401300600,05Z 01/30/24,00Z 02/02/24
Middlesex County,VA,0,N/S,202401300600,05Z 01/30/24,00Z 02/02/24
Jefferson County,PA,1,LIMITED,202401300600,05Z 01/30/24,00Z 02/02/24
Lake County,IN,0,N/S,202401300600,05Z 01/30/24,00Z 02/02/24
Bedford County,TN,0,N/S,202401300600,05Z 01/30/24,00Z 02/02/24
Clay County,TN,0,N/S,202401300600,05Z 01/30/24,00Z 02/02/24
Coles County,IL,0,N/S,202401300600,05Z 01/30/24,00Z 02/02/24
Lauderdale County,TN,0,N/S,202401300600,05Z 01/30/24,00Z 02/02/24
Baker County,OR,0,N/S,202401300600,05Z 01/30/24,00Z 02/02/24
Schuyler County,NY,1,LIMITED,202401300600,05Z 01/30/24,00Z 02/02/24
Van Buren County,MI,0,N/S,202401300600,05Z 01/30/24,00Z 02/02/24
Mercer County,IL,0,N/S,202401300600,05Z 01/30/24,00Z 02/02/24
Lawrence County,KY,0,N/S,202401300600,05Z 01/30/24,00Z 02/02/24
Morgan County,KY,0,N/S,202401300600,05Z 01/30/24,00Z 02/02/24
Muhlenberg County,KY,0,N/S,202401300600,05Z 01/30/24,00Z 02/02/24
Effingham County,IL,0,N/S,202401300600,05Z 01/30/24,00Z 02/02/24
Loudon County,TN,0,N/S,202401300600,05Z 01/30/24,00Z 02/02/24
Clark County,SD,1,LIMITED,202401300600,05Z 01/30/24,00Z 02/02/24
Honolulu County,HI,0,N/S,202401300600,05Z 01/30/24,00Z 02/02/24
Gilchrist County,FL,0,N/S,202401300600,05Z 01/30/24,00Z 02/02/24
Tippecanoe County,IN,0,N/S,202401300600,05Z 01/30/24,00Z 02/02/24
Snyder County,PA,0,N/S,202401300600,05Z 01/30/24,00Z 02/02/24
Lamar County,TX,0,N/S,202401300600,05Z 01/30/24,00Z 02/02/24
Miami-Dade County,FL,0,N/S,202401300600,05Z 01/30/24,00Z 02/02/24
Dundy County,NE,0,N/S,202401300600,05Z 01/30/24,00Z 02/02/24
Leon County,TX,0,N/S,202401300600,05Z 01/30/24,00Z 02/02/24
Pitkin County,CO,2,MINOR,202401300600,05Z 01/30/24,00Z 02/02/24
Grand Forks County,ND,1,LIMITED,202401300600,05Z 01/30/24,00Z 02/02/24
LaPorte County,IN,0,N/S,202401300600,05Z 01/30/24,00Z 02/02/24
Hamilton County,IN,0,N/S,202401300600,05Z 01/30/24,00Z 02/02/24
Emporia city,VA,0,N/S,202401300600,05Z 01/30/24,00Z 02/02/24
Lincoln County,OK,0,N/S,202401300600,05Z 01/30/24,00Z 02/02/24
Greeley County,KS,0,N/S,202401300600,05Z 01/30/24,00Z 02/02/24
Harris County,GA,0,N/S,202401300600,05Z 01/30/24,00Z 02/02/24
Screven County,GA,0,N/S,202401300600,05Z 01/30/24,00Z 02/02/24
San Juan Municipio,PR,0,N/S,202401300600,05Z 01/30/24,00Z 02/02/24
Stonewall County,TX,0,N/S,202401300600,05Z 01/30/24,00Z 02/02/24
Henry County,OH,0,N/S,202401300600,05Z 01/30/24,00Z 02/02/24
Grafton County,NH,0,N/S,202401300600,05Z 01/30/24,00Z 02/02/24
Newton County,MO,1,LIMITED,202401300600,05Z 01/30/24,00Z 02/02/24
Posey County,IN,0,N/S,202401300600,05Z 01/30/24,00Z 02/02/24
McMullen County,TX,0,N/S,202401300600,05Z 01/30/24,00Z 02/02/24
Cumberland County,IL,0,N/S,202401300600,05Z 01/30/24,00Z 02/02/24
Walton County,GA,0,N/S,202401300600,05Z 01/30/24,00Z 02/02/24
Pope County,MN,1,LIMITED,202401300600,05Z 01/30/24,00Z 02/02/24
Rappahannock County,VA,0,N/S,202401300600,05Z 01/30/24,00Z 02/02/24
Amherst County,VA,1,LIMITED,202401300600,05Z 01/30/24,00Z 02/02/24
Ventura County,CA,0,N/S,202401300600,05Z 01/30/24,00Z 02/02/24
Crawford County,IL,0,N/S,202401300600,05Z 01/30/24,00Z 02/02/24
Park County,CO,2,MINOR,202401300600,05Z 01/30/24,00Z 02/02/24
Los Angeles County,CA,0,N/S,202401300600,05Z 01/30/24,00Z 02/02/24
Yuma County,AZ,0,N/S,202401300600,05Z 01/30/24,00Z 02/02/24
Gordon County,GA,0,N/S,202401300600,05Z 01/30/24,00Z 02/02/24
Calhoun County,IA,1,LIMITED,202401300600,05Z 01/30/24,00Z 02/02/24
Highlands County,FL,0,N/S,202401300600,05Z 01/30/24,00Z 02/02/24
Covington city,VA,1,LIMITED,202401300600,05Z 01/30/24,00Z 02/02/24
Orange County,VT,0,N/S,202401300600,05Z 01/30/24,00Z 02/02/24
McPherson County,KS,0,N/S,202401300600,05Z 01/30/24,00Z 02/02/24
Pinal County,AZ,0,N/S,202401300600,05Z 01/30/24,00Z 02/02/24
Fulton County,OH,0,N/S,202401300600,05Z 01/30/24,00Z 02/02/24
Alamosa County,CO,1,LIMITED,202401300600,05Z 01/30/24,00Z 02/02/24
Citrus County,FL,0,N/S,202401300600,05Z 01/30/24,00Z 02/02/24
Culebra Municipio,PR,0,N/S,202401300600,05Z 01/30/24,00Z 02/02/24
Dorado Municipio,PR,0,N/S,202401300600,05Z 01/30/24,00Z 02/02/24
DeKalb County,TN,0,N/S,202401300600,05Z 01/30/24,00Z 02/02/24
Clarion County,PA,1,LIMITED,202401300600,05Z 01/30/24,00Z 02/02/24
Miner County,SD,1,LIMITED,202401300600,05Z 01/30/24,00Z 02/02/24
Jerauld County,SD,1,LIMITED,202401300600,05Z 01/30/24,00Z 02/02/24
Decatur County,IN,0,N/S,202401300600,05Z 01/30/24,00Z 02/02/24
Dubois County,IN,0,N/S,202401300600,05Z 01/30/24,00Z 02/02/24
Essex County,VA,0,N/S,202401300600,05Z 01/30/24,00Z 02/02/24
Williamsburg County,SC,0,N/S,202401300600,05Z 01/30/24,00Z 02/02/24
Essex County,NY,1,LIMITED,202401300600,05Z 01/30/24,00Z 02/02/24
Worth County,IA,1,LIMITED,202401300600,05Z 01/30/24,00Z 02/02/24
Hughes County,OK,0,N/S,202401300600,05Z 01/30/24,00Z 02/02/24
Buchanan County,VA,1,LIMITED,202401300600,05Z 01/30/24,00Z 02/02/24
Alleghany County,VA,1,LIMITED,202401300600,05Z 01/30/24,00Z 02/02/24
Lowndes County,MS,0,N/S,202401300600,05Z 01/30/24,00Z 02/02/24
Scott County,IN,0,N/S,202401300600,05Z 01/30/24,00Z 02/02/24
Prowers County,CO,0,N/S,202401300600,05Z 01/30/24,00Z 02/02/24
Sutton County,TX,0,N/S,202401300600,05Z 01/30/24,00Z 02/02/24
Sabana Grande Municipio,PR,0,N/S,202401300600,05Z 01/30/24,00Z 02/02/24
Muskogee County,OK,0,N/S,202401300600,05Z 01/30/24,00Z 02/02/24
Christian County,MO,0,N/S,202401300600,05Z 01/30/24,00Z 02/02/24
Ciales Municipio,PR,0,N/S,202401300600,05Z 01/30/24,00Z 02/02/24
Lamar County,MS,0,N/S,202401300600,05Z 01/30/24,00Z 02/02/24
Ripley County,IN,0,N/S,202401300600,05Z 01/30/24,00Z 02/02/24
Mercer County,ND,1,LIMITED,202401300600,05Z 01/30/24,00Z 02/02/24
Hart County,GA,0,N/S,202401300600,05Z 01/30/24,00Z 02/02/24
Jackson Parish,LA,0,N/S,202401300600,05Z 01/30/24,00Z 02/02/24
Northumberland County,VA,0,N/S,202401300600,05Z 01/30/24,00Z 02/02/24
Fort Bend County,TX,0,N/S,202401300600,05Z 01/30/24,00Z 02/02/24
Green Lake County,WI,1,LIMITED,202401300600,05Z 01/30/24,00Z 02/02/24
Pondera County,MT,0,N/S,202401300600,05Z 01/30/24,00Z 02/02/24
Walworth County,WI,1,LIMITED,202401300600,05Z 01/30/24,00Z 02/02/24
Mineral County,NV,1,LIMITED,202401300600,05Z 01/30/24,00Z 02/02/24
Fulton County,IL,0,N/S,202401300600,05Z 01/30/24,00Z 02/02/24
Suffolk County,NY,0,N/S,202401300600,05Z 01/30/24,00Z 02/02/24
Union County,IN,0,N/S,202401300600,05Z 01/30/24,00Z 02/02/24
McDonald County,MO,1,LIMITED,202401300600,05Z 01/30/24,00Z 02/02/24
Scotts Bluff County,NE,0,N/S,202401300600,05Z 01/30/24,00Z 02/02/24
San Miguel County,NM,0,N/S,202401300600,05Z 01/30/24,00Z 02/02/24
Lee County,AL,0,N/S,202401300600,05Z 01/30/24,00Z 02/02/24
Parker County,TX,0,N/S,202401300600,05Z 01/30/24,00Z 02/02/24
Dickey County,ND,1,LIMITED,202401300600,05Z 01/30/24,00Z 02/02/24
Barnes County,ND,1,LIMITED,202401300600,05Z 01/30/24,00Z 02/02/24
Sibley County,MN,1,LIMITED,202401300600,05Z 01/30/24,00Z 02/02/24
Upson County,GA,0,N/S,202401300600,05Z 01/30/24,00Z 02/02/24
Sonoma County,CA,0,N/S,202401300600,05Z 01/30/24,00Z 02/02/24
Chippewa County,MI,1,LIMITED,202401300600,05Z 01/30/24,00Z 02/02/24
Bonneville County,ID,1,LIMITED,202401300600,05Z 01/30/24,00Z 02/02/24
Barrow County,GA,0,N/S,202401300600,05Z 01/30/24,00Z 02/02/24
Long County,GA,0,N/S,202401300600,05Z 01/30/24,00Z 02/02/24
Kinney County,TX,0,N/S,202401300600,05Z 01/30/24,00Z 02/02/24
Ottawa County,OK,1,LIMITED,202401300600,05Z 01/30/24,00Z 02/02/24
Clearfield County,PA,1,LIMITED,202401300600,05Z 01/30/24,00Z 02/02/24
Clinton County,MI,0,N/S,202401300600,05Z 01/30/24,00Z 02/02/24
Santa Isabel Municipio,PR,0,N/S,202401300600,05Z 01/30/24,00Z 02/02/24
Montgomery County,IL,0,N/S,202401300600,05Z 01/30/24,00Z 02/02/24
Alcorn County,MS,0,N/S,202401300600,05Z 01/30/24,00Z 02/02/24
Lafayette County,MS,0,N/S,202401300600,05Z 01/30/24,00Z 02/02/24
Grant Parish,LA,0,N/S,202401300600,05Z 01/30/24,00Z 02/02/24
Atchison County,MO,1,LIMITED,202401300600,05Z 01/30/24,00Z 02/02/24
Macon County,IL,0,N/S,202401300600,05Z 01/30/24,00Z 02/02/24
St. Joseph County,MI,0,N/S,202401300600,05Z 01/30/24,00Z 02/02/24
Franklin County,IL,0,N/S,202401300600,05Z 01/30/24,00Z 02/02/24
Garfield County,MT,0,N/S,202401300600,05Z 01/30/24,00Z 02/02/24
Adams County,NE,1,LIMITED,202401300600,05Z 01/30/24,00Z 02/02/24
Olmsted County,MN,1,LIMITED,202401300600,05Z 01/30/24,00Z 02/02/24
Union County,NJ,0,N/S,202401300600,05Z 01/30/24,00Z 02/02/24
Trujillo Alto Municipio,PR,0,N/S,202401300600,05Z 01/30/24,00Z 02/02/24
Mobile County,AL,0,N/S,202401300600,05Z 01/30/24,00Z 02/02/24
McCook County,SD,1,LIMITED,202401300600,05Z 01/30/24,00Z 02/02/24
Fayette County,AL,0,N/S,202401300600,05Z 01/30/24,00Z 02/02/24
Chambers County,AL,0,N/S,202401300600,05Z 01/30/24,00Z 02/02/24
Northampton County,NC,0,N/S,202401300600,05Z 01/30/24,00Z 02/02/24
Moffat County,CO,1,LIMITED,202401300600,05Z 01/30/24,00Z 02/02/24
Green County,KY,0,N/S,202401300600,05Z 01/30/24,00Z 02/02/24
Franklin County,IN,0,N/S,202401300600,05Z 01/30/24,00Z 02/02/24
Beaufort County,NC,0,N/S,202401300600,05Z 01/30/24,00Z 02/02/24
Jayuya Municipio,PR,0,N/S,202401300600,05Z 01/30/24,00Z 02/02/24
Burleigh County,ND,1,LIMITED,202401300600,05Z 01/30/24,00Z 02/02/24
Rowan County,NC,0,N/S,202401300600,05Z 01/30/24,00Z 02/02/24
Iron County,MI,1,LIMITED,202401300600,05Z 01/30/24,00Z 02/02/24
Kandiyohi County,MN,1,LIMITED,202401300600,05Z 01/30/24,00Z 02/02/24
Wolfe County,KY,0,N/S,202401300600,05Z 01/30/24,00Z 02/02/24
Fayette County,TX,0,N/S,202401300600,05Z 01/30/24,00Z 02/02/24
Lawrence County,SD,0,N/S,202401300600,05Z 01/30/24,00Z 02/02/24
Washington County,ME,0,N/S,202401300600,05Z 01/30/24,00Z 02/02/24
Briscoe County,TX,0,N/S,202401300600,05Z 01/30/24,00Z 02/02/24
Ontonagon County,MI,1,LIMITED,202401300600,05Z 01/30/24,00Z 02/02/24
Carroll County,MS,0,N/S,202401300600,05Z 01/30/24,00Z 02/02/24
Benton County,OR,0,N/S,202401300600,05Z 01/30/24,00Z 02/02/24
Rock County,MN,1,LIMITED,202401300600,05Z 01/30/24,00Z 02/02/24
Indiana County,PA,0,N/S,202401300600,05Z 01/30/24,00Z 02/02/24
Lincoln Parish,LA,0,N/S,202401300600,05Z 01/30/24,00Z 02/02/24
Perry County,PA,0,N/S,202401300600,05Z 01/30/24,00Z 02/02/24
Ziebach County,SD,0,N/S,202401300600,05Z 01/30/24,00Z 02/02/24
Harrison County,TX,0,N/S,202401300600,05Z 01/30/24,00Z 02/02/24
Baraga County,MI,1,LIMITED,202401300600,05Z 01/30/24,00Z 02/02/24
Rogers County,OK,0,N/S,202401300600,05Z 01/30/24,00Z 02/02/24
Boone County,MO,0,N/S,202401300600,05Z 01/30/24,00Z 02/02/24
Mayagüez Municipio,PR,0,N/S,202401300600,05Z 01/30/24,00Z 02/02/24
Caddo County,OK,0,N/S,202401300600,05Z 01/30/24,00Z 02/02/24
Jefferson County,CO,1,LIMITED,202401300600,05Z 01/30/24,00Z 02/02/24
Cabell County,WV,0,N/S,202401300600,05Z 01/30/24,00Z 02/02/24
Reagan County,TX,0,N/S,202401300600,05Z 01/30/24,00Z 02/02/24
Van Buren County,AR,0,N/S,202401300600,05Z 01/30/24,00Z 02/02/24
Summit County,CO,2,MINOR,202401300600,05Z 01/30/24,00Z 02/02/24
Cowley County,KS,0,N/S,202401300600,05Z 01/30/24,00Z 02/02/24
Johnson County,AR,0,N/S,202401300600,05Z 01/30/24,00Z 02/02/24
Hamilton County,NY,1,LIMITED,202401300600,05Z 01/30/24,00Z 02/02/24
Craig County,VA,1,LIMITED,202401300600,05Z 01/30/24,00Z 02/02/24
Coleman County,TX,0,N/S,202401300600,05Z 01/30/24,00Z 02/02/24
Yukon-Koyukuk Census Area,AK,0,N/S,202401300600,05Z 01/30/24,00Z 02/02/24
Navajo County,AZ,0,N/S,202401300600,05Z 01/30/24,00Z 02/02/24
Lincoln County,MS,0,N/S,202401300600,05Z 01/30/24,00Z 02/02/24
Ochiltree County,TX,0,N/S,202401300600,05Z 01/30/24,00Z 02/02/24
Crane County,TX,0,N/S,202401300600,05Z 01/30/24,00Z 02/02/24
Big Horn County,WY,1,LIMITED,202401300600,05Z 01/30/24,00Z 02/02/24
Hickman County,TN,0,N/S,202401300600,05Z 01/30/24,00Z 02/02/24
Tunica County,MS,0,N/S,202401300600,05Z 01/30/24,00Z 02/02/24
Harrison County,MO,1,LIMITED,202401300600,05Z 01/30/24,00Z 02/02/24
Canóvanas Municipio,PR,0,N/S,202401300600,05Z 01/30/24,00Z 02/02/24
Bartholomew County,IN,0,N/S,202401300600,05Z 01/30/24,00Z 02/02/24
Paulding County,GA,0,N/S,202401300600,05Z 01/30/24,00Z 02/02/24
Brown County,OH,1,LIMITED,202401300600,05Z 01/30/24,00Z 02/02/24
Putnam County,TN,0,N/S,202401300600,05Z 01/30/24,00Z 02/02/24
Ward County,ND,1,LIMITED,202401300600,05Z 01/30/24,00Z 02/02/24
Worcester County,MA,0,N/S,202401300600,05Z 01/30/24,00Z 02/02/24
Logan County,OH,0,N/S,202401300600,05Z 01/30/24,00Z 02/02/24
Kings County,CA,0,N/S,202401300600,05Z 01/30/24,00Z 02/02/24
San Diego County,CA,0,N/S,202401300600,05Z 01/30/24,00Z 02/02/24
Salinas Municipio,PR,0,N/S,202401300600,05Z 01/30/24,00Z 02/02/24
Crawford County,GA,0,N/S,202401300600,05Z 01/30/24,00Z 02/02/24
Naguabo Municipio,PR,0,N/S,202401300600,05Z 01/30/24,00Z 02/02/24
Cass County,MO,1,LIMITED,202401300600,05Z 01/30/24,00Z 02/02/24
Dutchess County,NY,1,LIMITED,202401300600,05Z 01/30/24,00Z 02/02/24
Washington County,TX,0,N/S,202401300600,05Z 01/30/24,00Z 02/02/24
Pueblo County,CO,0,N/S,202401300600,05Z 01/30/24,00Z 02/02/24
Douglas County,MO,0,N/S,202401300600,05Z 01/30/24,00Z 02/02/24
Bottineau County,ND,1,LIMITED,202401300600,05Z 01/30/24,00Z 02/02/24
Cumberland County,NC,0,N/S,202401300600,05Z 01/30/24,00Z 02/02/24
Hot Springs County,WY,1,LIMITED,202401300600,05Z 01/30/24,00Z 02/02/24
Alcona County,MI,1,LIMITED,202401300600,05Z 01/30/24,00Z 02/02/24
Placer County,CA,0,N/S,202401300600,05Z 01/30/24,00Z 02/02/24
Searcy County,AR,0,N/S,202401300600,05Z 01/30/24,00Z 02/02/24
Lynn County,TX,0,N/S,202401300600,05Z 01/30/24,00Z 02/02/24
Otsego County,NY,1,LIMITED,202401300600,05Z 01/30/24,00Z 02/02/24
Richmond County,NC,0,N/S,202401300600,05Z 01/30/24,00Z 02/02/24
Hoke County,NC,0,N/S,202401300600,05Z 01/30/24,00Z 02/02/24
Otoe County,NE,1,LIMITED,202401300600,05Z 01/30/24,00Z 02/02/24
Cameron County,PA,1,LIMITED,202401300600,05Z 01/30/24,00Z 02/02/24
Dorchester County,SC,0,N/S,202401300600,05Z 01/30/24,00Z 02/02/24
Waseca County,MN,1,LIMITED,202401300600,05Z 01/30/24,00Z 02/02/24
Brule County,SD,1,LIMITED,202401300600,05Z 01/30/24,00Z 02/02/24
Warren County,TN,0,N/S,202401300600,05Z 01/30/24,00Z 02/02/24
Clark County,IL,0,N/S,202401300600,05Z 01/30/24,00Z 02/02/24
Robertson County,KY,0,N/S,202401300600,05Z 01/30/24,00Z 02/02/24
Lake County,TN,0,N/S,202401300600,05Z 01/30/24,00Z 02/02/24
Berkeley County,SC,0,N/S,202401300600,05Z 01/30/24,00Z 02/02/24
Garland County,AR,0,N/S,202401300600,05Z 01/30/24,00Z 02/02/24
Osage County,KS,1,LIMITED,202401300600,05Z 01/30/24,00Z 02/02/24
Trumbull County,OH,0,N/S,202401300600,05Z 01/30/24,00Z 02/02/24
Mills County,TX,0,N/S,202401300600,05Z 01/30/24,00Z 02/02/24
Oldham County,TX,0,N/S,202401300600,05Z 01/30/24,00Z 02/02/24
Butler County,PA,1,LIMITED,202401300600,05Z 01/30/24,00Z 02/02/24
Idaho County,ID,1,LIMITED,202401300600,05Z 01/30/24,00Z 02/02/24
Marion County,KS,0,N/S,202401300600,05Z 01/30/24,00Z 02/02/24
Buckingham County,VA,0,N/S,202401300600,05Z 01/30/24,00Z 02/02/24
Cabarrus County,NC,0,N/S,202401300600,05Z 01/30/24,00Z 02/02/24
Webster County,MO,1,LIMITED,202401300600,05Z 01/30/24,00Z 02/02/24
Davis County,UT,1,LIMITED,202401300600,05Z 01/30/24,00Z 02/02/24
Cottonwood County,MN,1,LIMITED,202401300600,05Z 01/30/24,00Z 02/02/24
Okeechobee County,FL,0,N/S,202401300600,05Z 01/30/24,00Z 02/02/24
Union County,GA,0,N/S,202401300600,05Z 01/30/24,00Z 02/02/24
Black Hawk County,IA,1,LIMITED,202401300600,05Z 01/30/24,00Z 02/02/24
Sabine County,TX,0,N/S,202401300600,05Z 01/30/24,00Z 02/02/24
Pike County,OH,0,N/S,202401300600,05Z 01/30/24,00Z 02/02/24
Tuscaloosa County,AL,0,N/S,202401300600,05Z 01/30/24,00Z 02/02/24
Wilcox County,AL,0,N/S,202401300600,05Z 01/30/24,00Z 02/02/24
Montgomery County,MS,0,N/S,202401300600,05Z 01/30/24,00Z 02/02/24
Kearney County,NE,1,LIMITED,202401300600,05Z 01/30/24,00Z 02/02/24
Hitchcock County,NE,0,N/S,202401300600,05Z 01/30/24,00Z 02/02/24
New Castle County,DE,0,N/S,202401300600,05Z 01/30/24,00Z 02/02/24
Teton County,ID,2,MINOR,202401300600,05Z 01/30/24,00Z 02/02/24
Rock Island County,IL,1,LIMITED,202401300600,05Z 01/30/24,00Z 02/02/24
Gloucester County,VA,0,N/S,202401300600,05Z 01/30/24,00Z 02/02/24
Sevier County,AR,0,N/S,202401300600,05Z 01/30/24,00Z 02/02/24
Cass County,IN,0,N/S,202401300600,05Z 01/30/24,00Z 02/02/24
Power County,ID,1,LIMITED,202401300600,05Z 01/30/24,00Z 02/02/24
Carroll County,IN,0,N/S,202401300600,05Z 01/30/24,00Z 02/02/24
Philadelphia County,PA,0,N/S,202401300600,05Z 01/30/24,00Z 02/02/24
Washakie County,WY,1,LIMITED,202401300600,05Z 01/30/24,00Z 02/02/24
Camden County,NC,0,N/S,202401300600,05Z 01/30/24,00Z 02/02/24
Tompkins County,NY,1,LIMITED,202401300600,05Z 01/30/24,00Z 02/02/24
Jefferson County,AR,0,N/S,202401300600,05Z 01/30/24,00Z 02/02/24
Lincoln County,AR,0,N/S,202401300600,05Z 01/30/24,00Z 02/02/24
Vernon County,WI,1,LIMITED,202401300600,05Z 01/30/24,00Z 02/02/24
Iron County,MO,0,N/S,202401300600,05Z 01/30/24,00Z 02/02/24
Hopkins County,TX,0,N/S,202401300600,05Z 01/30/24,00Z 02/02/24
Albany County,NY,1,LIMITED,202401300600,05Z 01/30/24,00Z 02/02/24
Houston County,TX,0,N/S,202401300600,05Z 01/30/24,00Z 02/02/24
Monroe County,OH,0,N/S,202401300600,05Z 01/30/24,00Z 02/02/24
Rush County,KS,0,N/S,202401300600,05Z 01/30/24,00Z 02/02/24
Montgomery County,IN,0,N/S,202401300600,05Z 01/30/24,00Z 02/02/24
Stanton County,KS,0,N/S,202401300600,05Z 01/30/24,00Z 02/02/24
Lee County,KY,0,N/S,202401300600,05Z 01/30/24,00Z 02/02/24
Koochiching County,MN,1,LIMITED,202401300600,05Z 01/30/24,00Z 02/02/24
Bexar County,TX,0,N/S,202401300600,05Z 01/30/24,00Z 02/02/24
Boulder County,CO,0,N/S,202401300600,05Z 01/30/24,00Z 02/02/24
Jefferson County,TN,0,N/S,202401300600,05Z 01/30/24,00Z 02/02/24
Mayes County,OK,0,N/S,202401300600,05Z 01/30/24,00Z 02/02/24
Watonwan County,MN,1,LIMITED,202401300600,05Z 01/30/24,00Z 02/02/24
Blaine County,ID,1,LIMITED,202401300600,05Z 01/30/24,00Z 02/02/24
Jefferson Davis Parish,LA,0,N/S,202401300600,05Z 01/30/24,00Z 02/02/24
Sully County,SD,1,LIMITED,202401300600,05Z 01/30/24,00Z 02/02/24
Denver County,CO,0,N/S,202401300600,05Z 01/30/24,00Z 02/02/24
Coal County,OK,0,N/S,202401300600,05Z 01/30/24,00Z 02/02/24
Carter County,MT,0,N/S,202401300600,05Z 01/30/24,00Z 02/02/24
Upton County,TX,0,N/S,202401300600,05Z 01/30/24,00Z 02/02/24
Gibson County,IN,0,N/S,202401300600,05Z 01/30/24,00Z 02/02/24
Kimball County,NE,0,N/S,202401300600,05Z 01/30/24,00Z 02/02/24
Kendall County,IL,0,N/S,202401300600,05Z 01/30/24,00Z 02/02/24
District of Columbia,DC,0,N/S,202401300600,05Z 01/30/24,00Z 02/02/24
Montrose County,CO,1,LIMITED,202401300600,05Z 01/30/24,00Z 02/02/24
Wright County,MN,1,LIMITED,202401300600,05Z 01/30/24,00Z 02/02/24
Kenosha County,WI,0,N/S,202401300600,05Z 01/30/24,00Z 02/02/24
Eagle County,CO,2,MINOR,202401300600,05Z 01/30/24,00Z 02/02/24
San Francisco County,CA,0,N/S,202401300600,05Z 01/30/24,00Z 02/02/24
San Miguel County,CO,1,LIMITED,202401300600,05Z 01/30/24,00Z 02/02/24
Anchorage Municipality,AK,0,N/S,202401300600,05Z 01/30/24,00Z 02/02/24
St. Johns County,FL,0,N/S,202401300600,05Z 01/30/24,00Z 02/02/24
Choctaw County,MS,0,N/S,202401300600,05Z 01/30/24,00Z 02/02/24
Grundy County,MO,1,LIMITED,202401300600,05Z 01/30/24,00Z 02/02/24
Lake County,MI,0,N/S,202401300600,05Z 01/30/24,00Z 02/02/24
Ottawa County,MI,0,N/S,202401300600,05Z 01/30/24,00Z 02/02/24
Cook County,IL,0,N/S,202401300600,05Z 01/30/24,00Z 02/02/24
Gallatin County,IL,0,N/S,202401300600,05Z 01/30/24,00Z 02/02/24
Greenwood County,SC,0,N/S,202401300600,05Z 01/30/24,00Z 02/02/24
Franklin County,KS,1,LIMITED,202401300600,05Z 01/30/24,00Z 02/02/24
Clay County,MN,1,LIMITED,202401300600,05Z 01/30/24,00Z 02/02/24
Haywood County,TN,0,N/S,202401300600,05Z 01/30/24,00Z 02/02/24
Box Elder County,UT,1,LIMITED,202401300600,05Z 01/30/24,00Z 02/02/24
Tippah County,MS,0,N/S,202401300600,05Z 01/30/24,00Z 02/02/24
Marshall County,WV,0,N/S,202401300600,05Z 01/30/24,00Z 02/02/24
Jackson County,WV,0,N/S,202401300600,05Z 01/30/24,00Z 02/02/24
Elmore County,ID,1,LIMITED,202401300600,05Z 01/30/24,00Z 02/02/24
Baltimore County,MD,0,N/S,202401300600,05Z 01/30/24,00Z 02/02/24
Benson County,ND,1,LIMITED,202401300600,05Z 01/30/24,00Z 02/02/24
Pike County,MO,0,N/S,202401300600,05Z 01/30/24,00Z 02/02/24
Lawrence County,OH,0,N/S,202401300600,05Z 01/30/24,00Z 02/02/24
Scott County,MO,0,N/S,202401300600,05Z 01/30/24,00Z 02/02/24
Adams County,OH,0,N/S,202401300600,05Z 01/30/24,00Z 02/02/24
Erath County,TX,0,N/S,202401300600,05Z 01/30/24,00Z 02/02/24
Habersham County,GA,0,N/S,202401300600,05Z 01/30/24,00Z 02/02/24
Wilkinson County,GA,0,N/S,202401300600,05Z 01/30/24,00Z 02/02/24
Monongalia County,WV,0,N/S,202401300600,05Z 01/30/24,00Z 02/02/24
Crawford County,OH,0,N/S,202401300600,05Z 01/30/24,00Z 02/02/24
DeSoto County,FL,0,N/S,202401300600,05Z 01/30/24,00Z 02/02/24
Guernsey County,OH,0,N/S,202401300600,05Z 01/30/24,00Z 02/02/24
Barry County,MI,0,N/S,202401300600,05Z 01/30/24,00Z 02/02/24
Stone County,MO,0,N/S,202401300600,05Z 01/30/24,00Z 02/02/24
Richmond city,VA,0,N/S,202401300600,05Z 01/30/24,00Z 02/02/24
Stokes County,NC,0,N/S,202401300600,05Z 01/30/24,00Z 02/02/24
Clarke County,IA,1,LIMITED,202401300600,05Z 01/30/24,00Z 02/02/24
Fayette County,IA,1,LIMITED,202401300600,05Z 01/30/24,00Z 02/02/24
Marin County,CA,0,N/S,202401300600,05Z 01/30/24,00Z 02/02/24
Randall County,TX,0,N/S,202401300600,05Z 01/30/24,00Z 02/02/24
Rusk County,TX,0,N/S,202401300600,05Z 01/30/24,00Z 02/02/24
Warren County,IA,1,LIMITED,202401300600,05Z 01/30/24,00Z 02/02/24
Van Wert County,OH,0,N/S,202401300600,05Z 01/30/24,00Z 02/02/24
Glades County,FL,0,N/S,202401300600,05Z 01/30/24,00Z 02/02/24
Meriwether County,GA,0,N/S,202401300600,05Z 01/30/24,00Z 02/02/24
Costilla County,CO,2,MINOR,202401300600,05Z 01/30/24,00Z 02/02/24
Coryell County,TX,0,N/S,202401300600,05Z 01/30/24,00Z 02/02/24
Adair County,IA,1,LIMITED,202401300600,05Z 01/30/24,00Z 02/02/24
Chattahoochee County,GA,0,N/S,202401300600,05Z 01/30/24,00Z 02/02/24
Mariposa County,CA,0,N/S,202401300600,05Z 01/30/24,00Z 02/02/24
Howard County,MO,1,LIMITED,202401300600,05Z 01/30/24,00Z 02/02/24
Marion County,OR,0,N/S,202401300600,05Z 01/30/24,00Z 02/02/24
Milwaukee County,WI,0,N/S,202401300600,05Z 01/30/24,00Z 02/02/24
Scott County,MN,1,LIMITED,202401300600,05Z 01/30/24,00Z 02/02/24
Pickaway County,OH,0,N/S,202401300600,05Z 01/30/24,00Z 02/02/24
Powhatan County,VA,0,N/S,202401300600,05Z 01/30/24,00Z 02/02/24
Broomfield County,CO,0,N/S,202401300600,05Z 01/30/24,00Z 02/02/24
Lawrence County,TN,0,N/S,202401300600,05Z 01/30/24,00Z 02/02/24
Antrim County,MI,0,N/S,202401300600,05Z 01/30/24,00Z 02/02/24
Marlboro County,SC,0,N/S,202401300600,05Z 01/30/24,00Z 02/02/24
Benewah County,ID,0,N/S,202401300600,05Z 01/30/24,00Z 02/02/24
Lee County,IL,0,N/S,202401300600,05Z 01/30/24,00Z 02/02/24
Nemaha County,NE,1,LIMITED,202401300600,05Z 01/30/24,00Z 02/02/24
Carteret County,NC,0,N/S,202401300600,05Z 01/30/24,00Z 02/02/24
Pottawatomie County,KS,1,LIMITED,202401300600,05Z 01/30/24,00Z 02/02/24
Jackson County,MI,0,N/S,202401300600,05Z 01/30/24,00Z 02/02/24
Comal County,TX,0,N/S,202401300600,05Z 01/30/24,00Z 02/02/24
Nantucket County,MA,0,N/S,202401300600,05Z 01/30/24,00Z 02/02/24
Bamberg County,SC,0,N/S,202401300600,05Z 01/30/24,00Z 02/02/24
Aransas County,TX,0,N/S,202401300600,05Z 01/30/24,00Z 02/02/24
Berrien County,GA,0,N/S,202401300600,05Z 01/30/24,00Z 02/02/24
Vermillion County,IN,0,N/S,202401300600,05Z 01/30/24,00Z 02/02/24
Roscommon County,MI,0,N/S,202401300600,05Z 01/30/24,00Z 02/02/24
Alleghany County,NC,1,LIMITED,202401300600,05Z 01/30/24,00Z 02/02/24
Lassen County,CA,3,MODERATE,202401300600,05Z 01/30/24,00Z 02/02/24
Falls Church city,VA,0,N/S,202401300600,05Z 01/30/24,00Z 02/02/24
Manatee County,FL,0,N/S,202401300600,05Z 01/30/24,00Z 02/02/24
Muskingum County,OH,0,N/S,202401300600,05Z 01/30/24,00Z 02/02/24
Chaffee County,CO,2,MINOR,202401300600,05Z 01/30/24,00Z 02/02/24
Crowley County,CO,0,N/S,202401300600,05Z 01/30/24,00Z 02/02/24
Fremont County,CO,1,LIMITED,202401300600,05Z 01/30/24,00Z 02/02/24
Pearl River County,MS,0,N/S,202401300600,05Z 01/30/24,00Z 02/02/24
Perry County,MS,0,N/S,202401300600,05Z 01/30/24,00Z 02/02/24
Custer County,NE,1,LIMITED,202401300600,05Z 01/30/24,00Z 02/02/24
Calhoun County,FL,0,N/S,202401300600,05Z 01/30/24,00Z 02/02/24
Kenton County,KY,0,N/S,202401300600,05Z 01/30/24,00Z 02/02/24
Chickasaw County,IA,1,LIMITED,202401300600,05Z 01/30/24,00Z 02/02/24
DeKalb County,IL,0,N/S,202401300600,05Z 01/30/24,00Z 02/02/24
Hancock County,IA,1,LIMITED,202401300600,05Z 01/30/24,00Z 02/02/24
Stark County,ND,0,N/S,202401300600,05Z 01/30/24,00Z 02/02/24
Luce County,MI,1,LIMITED,202401300600,05Z 01/30/24,00Z 02/02/24
Carter County,OK,0,N/S,202401300600,05Z 01/30/24,00Z 02/02/24
Pasquotank County,NC,0,N/S,202401300600,05Z 01/30/24,00Z 02/02/24
Taos County,NM,2,MINOR,202401300600,05Z 01/30/24,00Z 02/02/24
Bolivar County,MS,0,N/S,202401300600,05Z 01/30/24,00Z 02/02/24
Nye County,NV,3,MODERATE,202401300600,05Z 01/30/24,00Z 02/02/24
Hawkins County,TN,0,N/S,202401300600,05Z 01/30/24,00Z 02/02/24
Bowman County,ND,0,N/S,202401300600,05Z 01/30/24,00Z 02/02/24
Fulton County,PA,0,N/S,202401300600,05Z 01/30/24,00Z 02/02/24
Lafayette Parish,LA,0,N/S,202401300600,05Z 01/30/24,00Z 02/02/24
Jack County,TX,0,N/S,202401300600,05Z 01/30/24,00Z 02/02/24
Stark County,IL,1,LIMITED,202401300600,05Z 01/30/24,00Z 02/02/24
Greer County,OK,0,N/S,202401300600,05Z 01/30/24,00Z 02/02/24
Hemphill County,TX,0,N/S,202401300600,05Z 01/30/24,00Z 02/02/24
Nez Perce County,ID,0,N/S,202401300600,05Z 01/30/24,00Z 02/02/24
Walworth County,SD,1,LIMITED,202401300600,05Z 01/30/24,00Z 02/02/24
Napa County,CA,0,N/S,202401300600,05Z 01/30/24,00Z 02/02/24
Cotton County,OK,0,N/S,202401300600,05Z 01/30/24,00Z 02/02/24
Washington County,MO,0,N/S,202401300600,05Z 01/30/24,00Z 02/02/24
Cayuga County,NY,1,LIMITED,202401300600,05Z 01/30/24,00Z 02/02/24
Shackelford County,TX,0,N/S,202401300600,05Z 01/30/24,00Z 02/02/24
San Jacinto County,TX,0,N/S,202401300600,05Z 01/30/24,00Z 02/02/24
Dubuque County,IA,1,LIMITED,202401300600,05Z 01/30/24,00Z 02/02/24
Goochland County,VA,0,N/S,202401300600,05Z 01/30/24,00Z 02/02/24
Sherman County,KS,0,N/S,202401300600,05Z 01/30/24,00Z 02/02/24
Richland County,OH,1,LIMITED,202401300600,05Z 01/30/24,00Z 02/02/24
Adams County,IL,0,N/S,202401300600,05Z 01/30/24,00Z 02/02/24
Champaign County,OH,0,N/S,202401300600,05Z 01/30/24,00Z 02/02/24
Sullivan County,NH,0,N/S,202401300600,05Z 01/30/24,00Z 02/02/24
Iroquois County,IL,0,N/S,202401300600,05Z 01/30/24,00Z 02/02/24
Poweshiek County,IA,1,LIMITED,202401300600,05Z 01/30/24,00Z 02/02/24
Wayne County,OH,0,N/S,202401300600,05Z 01/30/24,00Z 02/02/24
Fayette County,GA,0,N/S,202401300600,05Z 01/30/24,00Z 02/02/24
Hancock County,GA,0,N/S,202401300600,05Z 01/30/24,00Z 02/02/24
Kendall County,TX,0,N/S,202401300600,05Z 01/30/24,00Z 02/02/24
Greene County,NY,1,LIMITED,202401300600,05Z 01/30/24,00Z 02/02/24
Orange County,VA,0,N/S,202401300600,05Z 01/30/24,00Z 02/02/24
McCurtain County,OK,0,N/S,202401300600,05Z 01/30/24,00Z 02/02/24
Tift County,GA,0,N/S,202401300600,05Z 01/30/24,00Z 02/02/24
Cass County,NE,1,LIMITED,202401300600,05Z 01/30/24,00Z 02/02/24
Kingsbury County,SD,1,LIMITED,202401300600,05Z 01/30/24,00Z 02/02/24
Converse County,WY,0,N/S,202401300600,05Z 01/30/24,00Z 02/02/24
Herkimer County,NY,1,LIMITED,202401300600,05Z 01/30/24,00Z 02/02/24
Logan County,ND,1,LIMITED,202401300600,05Z 01/30/24,00Z 02/02/24
Gogebic County,MI,1,LIMITED,202401300600,05Z 01/30/24,00Z 02/02/24
Becker County,MN,1,LIMITED,202401300600,05Z 01/30/24,00Z 02/02/24
Marshall County,AL,0,N/S,202401300600,05Z 01/30/24,00Z 02/02/24
Union County,TN,0,N/S,202401300600,05Z 01/30/24,00Z 02/02/24
Mineral County,WV,1,LIMITED,202401300600,05Z 01/30/24,00Z 02/02/24
Ashland County,WI,1,LIMITED,202401300600,05Z 01/30/24,00Z 02/02/24
Ford County,IL,0,N/S,202401300600,05Z 01/30/24,00Z 02/02/24
Emmons County,ND,1,LIMITED,202401300600,05Z 01/30/24,00Z 02/02/24
Shasta County,CA,0,N/S,202401300600,05Z 01/30/24,00Z 02/02/24
Vermilion Parish,LA,0,N/S,202401300600,05Z 01/30/24,00Z 02/02/24
Randolph County,AR,0,N/S,202401300600,05Z 01/30/24,00Z 02/02/24
Oneida County,WI,1,LIMITED,202401300600,05Z 01/30/24,00Z 02/02/24
East Carroll Parish,LA,0,N/S,202401300600,05Z 01/30/24,00Z 02/02/24
East Feliciana Parish,LA,0,N/S,202401300600,05Z 01/30/24,00Z 02/02/24
St. Bernard Parish,LA,0,N/S,202401300600,05Z 01/30/24,00Z 02/02/24
Wharton County,TX,0,N/S,202401300600,05Z 01/30/24,00Z 02/02/24
Prince of Wales-Hyder Census Area,AK,0,N/S,202401300600,05Z 01/30/24,00Z 02/02/24
Petersburg Borough,AK,0,N/S,202401300600,05Z 01/30/24,00Z 02/02/24
Floyd County,TX,0,N/S,202401300600,05Z 01/30/24,00Z 02/02/24
Wrangell City and Borough,AK,0,N/S,202401300600,05Z 01/30/24,00Z 02/02/24
Madison County,KY,0,N/S,202401300600,05Z 01/30/24,00Z 02/02/24
Blount County,TN,0,N/S,202401300600,05Z 01/30/24,00Z 02/02/24
Gallatin County,MT,1,LIMITED,202401300600,05Z 01/30/24,00Z 02/02/24
Darlington County,SC,0,N/S,202401300600,05Z 01/30/24,00Z 02/02/24
Escambia County,AL,0,N/S,202401300600,05Z 01/30/24,00Z 02/02/24
Haralson County,GA,0,N/S,202401300600,05Z 01/30/24,00Z 02/02/24
Allen County,KS,0,N/S,202401300600,05Z 01/30/24,00Z 02/02/24
Douglas County,IL,0,N/S,202401300600,05Z 01/30/24,00Z 02/02/24
Greene County,VA,0,N/S,202401300600,05Z 01/30/24,00Z 02/02/24
Guam,GU,0,N/S,202401300600,05Z 01/30/24,00Z 02/02/24
Waushara County,WI,1,LIMITED,202401300600,05Z 01/30/24,00Z 02/02/24
Izard County,AR,0,N/S,202401300600,05Z 01/30/24,00Z 02/02/24
Monterey County,CA,0,N/S,202401300600,05Z 01/30/24,00Z 02/02/24
Grant County,NM,0,N/S,202401300600,05Z 01/30/24,00Z 02/02/24
Miller County,MO,0,N/S,202401300600,05Z 01/30/24,00Z 02/02/24
Wilkes County,NC,0,N/S,202401300600,05Z 01/30/24,00Z 02/02/24
Juneau City and Borough,AK,0,N/S,202401300600,05Z 01/30/24,00Z 02/02/24
Platte County,MO,1,LIMITED,202401300600,05Z 01/30/24,00Z 02/02/24
Buchanan County,MO,1,LIMITED,202401300600,05Z 01/30/24,00Z 02/02/24
Limestone County,AL,0,N/S,202401300600,05Z 01/30/24,00Z 02/02/24
Henry County,IN,0,N/S,202401300600,05Z 01/30/24,00Z 02/02/24
Polk County,NE,1,LIMITED,202401300600,05Z 01/30/24,00Z 02/02/24
Ottawa County,OH,1,LIMITED,202401300600,05Z 01/30/24,00Z 02/02/24
Norman County,MN,1,LIMITED,202401300600,05Z 01/30/24,00Z 02/02/24
Shelby County,IA,1,LIMITED,202401300600,05Z 01/30/24,00Z 02/02/24
Carroll County,MD,0,N/S,202401300600,05Z 01/30/24,00Z 02/02/24
Benton County,IA,1,LIMITED,202401300600,05Z 01/30/24,00Z 02/02/24
Martin County,KY,0,N/S,202401300600,05Z 01/30/24,00Z 02/02/24
Chisago County,MN,1,LIMITED,202401300600,05Z 01/30/24,00Z 02/02/24
Owsley County,KY,0,N/S,202401300600,05Z 01/30/24,00Z 02/02/24
Bradford County,PA,1,LIMITED,202401300600,05Z 01/30/24,00Z 02/02/24
Hancock County,WV,0,N/S,202401300600,05Z 01/30/24,00Z 02/02/24
Cole County,MO,0,N/S,202401300600,05Z 01/30/24,00Z 02/02/24
Berrien County,MI,0,N/S,202401300600,05Z 01/30/24,00Z 02/02/24
Huntingdon County,PA,0,N/S,202401300600,05Z 01/30/24,00Z 02/02/24
Dawes County,NE,1,LIMITED,202401300600,05Z 01/30/24,00Z 02/02/24
Patrick County,VA,0,N/S,202401300600,05Z 01/30/24,00Z 02/02/24
Montmorency County,MI,0,N/S,202401300600,05Z 01/30/24,00Z 02/02/24
Oscoda County,MI,0,N/S,202401300600,05Z 01/30/24,00Z 02/02/24
Colfax County,NM,0,N/S,202401300600,05Z 01/30/24,00Z 02/02/24
St. Clair County,IL,0,N/S,202401300600,05Z 01/30/24,00Z 02/02/24
Washington County,IL,0,N/S,202401300600,05Z 01/30/24,00Z 02/02/24
Bedford County,PA,1,LIMITED,202401300600,05Z 01/30/24,00Z 02/02/24
Scott County,AR,0,N/S,202401300600,05Z 01/30/24,00Z 02/02/24
Labette County,KS,0,N/S,202401300600,05Z 01/30/24,00Z 02/02/24
Lawrence County,PA,0,N/S,202401300600,05Z 01/30/24,00Z 02/02/24
Harrison County,OH,0,N/S,202401300600,05Z 01/30/24,00Z 02/02/24
Alexander County,NC,0,N/S,202401300600,05Z 01/30/24,00Z 02/02/24
Cape May County,NJ,0,N/S,202401300600,05Z 01/30/24,00Z 02/02/24
Cheshire County,NH,0,N/S,202401300600,05Z 01/30/24,00Z 02/02/24
Marshall County,MN,1,LIMITED,202401300600,05Z 01/30/24,00Z 02/02/24
King William County,VA,0,N/S,202401300600,05Z 01/30/24,00Z 02/02/24
Huerfano County,CO,1,LIMITED,202401300600,05Z 01/30/24,00Z 02/02/24
Karnes County,TX,0,N/S,202401300600,05Z 01/30/24,00Z 02/02/24
Chester County,TN,0,N/S,202401300600,05Z 01/30/24,00Z 02/02/24
Scott County,IL,0,N/S,202401300600,05Z 01/30/24,00Z 02/02/24
Millard County,UT,0,N/S,202401300600,05Z 01/30/24,00Z 02/02/24
Morgan County,UT,1,LIMITED,202401300600,05Z 01/30/24,00Z 02/02/24
Kaufman County,TX,0,N/S,202401300600,05Z 01/30/24,00Z 02/02/24
Greenlee County,AZ,0,N/S,202401300600,05Z 01/30/24,00Z 02/02/24
Maricopa County,AZ,0,N/S,202401300600,05Z 01/30/24,00Z 02/02/24
Ogemaw County,MI,0,N/S,202401300600,05Z 01/30/24,00Z 02/02/24
Jackson County,TN,0,N/S,202401300600,05Z 01/30/24,00Z 02/02/24
Richland County,IL,0,N/S,202401300600,05Z 01/30/24,00Z 02/02/24
Blount County,AL,0,N/S,202401300600,05Z 01/30/24,00Z 02/02/24
Liberty County,MT,0,N/S,202401300600,05Z 01/30/24,00Z 02/02/24
Duval County,TX,0,N/S,202401300600,05Z 01/30/24,00Z 02/02/24
Ralls County,MO,0,N/S,202401300600,05Z 01/30/24,00Z 02/02/24
Johnson County,TX,0,N/S,202401300600,05Z 01/30/24,00Z 02/02/24
Clay County,GA,0,N/S,202401300600,05Z 01/30/24,00Z 02/02/24
Grant County,OR,1,LIMITED,202401300600,05Z 01/30/24,00Z 02/02/24
Coos County,OR,0,N/S,202401300600,05Z 01/30/24,00Z 02/02/24
Franklin County,TX,0,N/S,202401300600,05Z 01/30/24,00Z 02/02/24
Warren County,NY,1,LIMITED,202401300600,05Z 01/30/24,00Z 02/02/24
Madison County,VA,0,N/S,202401300600,05Z 01/30/24,00Z 02/02/24
Atoka County,OK,0,N/S,202401300600,05Z 01/30/24,00Z 02/02/24
Menard County,IL,0,N/S,202401300600,05Z 01/30/24,00Z 02/02/24
Bartow County,GA,0,N/S,202401300600,05Z 01/30/24,00Z 02/02/24
Lake County,FL,0,N/S,202401300600,05Z 01/30/24,00Z 02/02/24
Okmulgee County,OK,0,N/S,202401300600,05Z 01/30/24,00Z 02/02/24
Sheridan County,ND,1,LIMITED,202401300600,05Z 01/30/24,00Z 02/02/24
Fulton County,IN,0,N/S,202401300600,05Z 01/30/24,00Z 02/02/24
Johnson County,KS,1,LIMITED,202401300600,05Z 01/30/24,00Z 02/02/24
Calvert County,MD,0,N/S,202401300600,05Z 01/30/24,00Z 02/02/24
Washburn County,WI,1,LIMITED,202401300600,05Z 01/30/24,00Z 02/02/24
Jefferson County,WA,1,LIMITED,202401300600,05Z 01/30/24,00Z 02/02/24
Aguada Municipio,PR,0,N/S,202401300600,05Z 01/30/24,00Z 02/02/24
Winona County,MN,1,LIMITED,202401300600,05Z 01/30/24,00Z 02/02/24
Warren County,MS,0,N/S,202401300600,05Z 01/30/24,00Z 02/02/24
Andrew County,MO,1,LIMITED,202401300600,05Z 01/30/24,00Z 02/02/24
Montgomery County,MO,0,N/S,202401300600,05Z 01/30/24,00Z 02/02/24
Cherokee County,KS,0,N/S,202401300600,05Z 01/30/24,00Z 02/02/24
Halifax County,NC,0,N/S,202401300600,05Z 01/30/24,00Z 02/02/24
Sandoval County,NM,0,N/S,202401300600,05Z 01/30/24,00Z 02/02/24
Clay County,KY,0,N/S,202401300600,05Z 01/30/24,00Z 02/02/24
Clinton County,PA,1,LIMITED,202401300600,05Z 01/30/24,00Z 02/02/24
Linn County,OR,0,N/S,202401300600,05Z 01/30/24,00Z 02/02/24
Lafayette County,WI,1,LIMITED,202401300600,05Z 01/30/24,00Z 02/02/24
Washington County,OK,0,N/S,202401300600,05Z 01/30/24,00Z 02/02/24
Preston County,WV,0,N/S,202401300600,05Z 01/30/24,00Z 02/02/24
Rota Municipality,MP,0,N/S,202401300600,05Z 01/30/24,00Z 02/02/24
Waupaca County,WI,1,LIMITED,202401300600,05Z 01/30/24,00Z 02/02/24
Edwards County,TX,0,N/S,202401300600,05Z 01/30/24,00Z 02/02/24
Lake County,OR,1,LIMITED,202401300600,05Z 01/30/24,00Z 02/02/24
Ozark County,MO,0,N/S,202401300600,05Z 01/30/24,00Z 02/02/24
Waller County,TX,0,N/S,202401300600,05Z 01/30/24,00Z 02/02/24
Monroe County,AL,0,N/S,202401300600,05Z 01/30/24,00Z 02/02/24
Essex County,VT,1,LIMITED,202401300600,05Z 01/30/24,00Z 02/02/24
Lunenburg County,VA,0,N/S,202401300600,05Z 01/30/24,00Z 02/02/24
Traill County,ND,1,LIMITED,202401300600,05Z 01/30/24,00Z 02/02/24
Hall County,GA,0,N/S,202401300600,05Z 01/30/24,00Z 02/02/24
Treutlen County,GA,0,N/S,202401300600,05Z 01/30/24,00Z 02/02/24
Calhoun County,GA,0,N/S,202401300600,05Z 01/30/24,00Z 02/02/24
Vilas County,WI,1,LIMITED,202401300600,05Z 01/30/24,00Z 02/02/24
Beltrami County,MN,1,LIMITED,202401300600,05Z 01/30/24,00Z 02/02/24
Coamo Municipio,PR,0,N/S,202401300600,05Z 01/30/24,00Z 02/02/24
Guánica Municipio,PR,0,N/S,202401300600,05Z 01/30/24,00Z 02/02/24
Dorchester County,MD,0,N/S,202401300600,05Z 01/30/24,00Z 02/02/24
Columbia County,PA,1,LIMITED,202401300600,05Z 01/30/24,00Z 02/02/24
Clark County,OH,0,N/S,202401300600,05Z 01/30/24,00Z 02/02/24
Maverick County,TX,0,N/S,202401300600,05Z 01/30/24,00Z 02/02/24
Pima County,AZ,0,N/S,202401300600,05Z 01/30/24,00Z 02/02/24
Cibola County,NM,0,N/S,202401300600,05Z 01/30/24,00Z 02/02/24
Burlington County,NJ,0,N/S,202401300600,05Z 01/30/24,00Z 02/02/24
Rutland County,VT,1,LIMITED,202401300600,05Z 01/30/24,00Z 02/02/24
Early County,GA,0,N/S,202401300600,05Z 01/30/24,00Z 02/02/24
Dukes County,MA,0,N/S,202401300600,05Z 01/30/24,00Z 02/02/24
McHenry County,ND,1,LIMITED,202401300600,05Z 01/30/24,00Z 02/02/24
Wayne County,NE,1,LIMITED,202401300600,05Z 01/30/24,00Z 02/02/24
LaMoure County,ND,1,LIMITED,202401300600,05Z 01/30/24,00Z 02/02/24
Butte County,ID,2,MINOR,202401300600,05Z 01/30/24,00Z 02/02/24
Coos County,NH,0,N/S,202401300600,05Z 01/30/24,00Z 02/02/24
Kidder County,ND,1,LIMITED,202401300600,05Z 01/30/24,00Z 02/02/24
Kleberg County,TX,0,N/S,202401300600,05Z 01/30/24,00Z 02/02/24
Porter County,IN,0,N/S,202401300600,05Z 01/30/24,00Z 02/02/24
Newton County,MS,0,N/S,202401300600,05Z 01/30/24,00Z 02/02/24
Sampson County,NC,0,N/S,202401300600,05Z 01/30/24,00Z 02/02/24
Moore County,TN,0,N/S,202401300600,05Z 01/30/24,00Z 02/02/24
Pinellas County,FL,0,N/S,202401300600,05Z 01/30/24,00Z 02/02/24
Barranquitas Municipio,PR,0,N/S,202401300600,05Z 01/30/24,00Z 02/02/24
Hamilton County,IL,0,N/S,202401300600,05Z 01/30/24,00Z 02/02/24
Perry County,AR,0,N/S,202401300600,05Z 01/30/24,00Z 02/02/24
Cheyenne County,KS,0,N/S,202401300600,05Z 01/30/24,00Z 02/02/24
Delta County,CO,1,LIMITED,202401300600,05Z 01/30/24,00Z 02/02/24
Wayne County,IA,1,LIMITED,202401300600,05Z 01/30/24,00Z 02/02/24
Gaines County,TX,0,N/S,202401300600,05Z 01/30/24,00Z 02/02/24
Marion County,AL,0,N/S,202401300600,05Z 01/30/24,00Z 02/02/24
Watauga County,NC,1,LIMITED,202401300600,05Z 01/30/24,00Z 02/02/24
Roanoke city,VA,0,N/S,202401300600,05Z 01/30/24,00Z 02/02/24
Martin County,TX,0,N/S,202401300600,05Z 01/30/24,00Z 02/02/24
Bowie County,TX,0,N/S,202401300600,05Z 01/30/24,00Z 02/02/24
Weber County,UT,1,LIMITED,202401300600,05Z 01/30/24,00Z 02/02/24
Marion County,MO,0,N/S,202401300600,05Z 01/30/24,00Z 02/02/24
Jefferson County,NY,1,LIMITED,202401300600,05Z 01/30/24,00Z 02/02/24
Jackson County,IA,1,LIMITED,202401300600,05Z 01/30/24,00Z 02/02/24
Nelson County,ND,1,LIMITED,202401300600,05Z 01/30/24,00Z 02/02/24
Clinton County,NY,1,LIMITED,202401300600,05Z 01/30/24,00Z 02/02/24
Garfield County,CO,2,MINOR,202401300600,05Z 01/30/24,00Z 02/02/24
Ray County,MO,1,LIMITED,202401300600,05Z 01/30/24,00Z 02/02/24
Hocking County,OH,0,N/S,202401300600,05Z 01/30/24,00Z 02/02/24
Lowndes County,AL,0,N/S,202401300600,05Z 01/30/24,00Z 02/02/24
Candler County,GA,0,N/S,202401300600,05Z 01/30/24,00Z 02/02/24
Linn County,IA,1,LIMITED,202401300600,05Z 01/30/24,00Z 02/02/24
Trinity County,CA,3,MODERATE,202401300600,05Z 01/30/24,00Z 02/02/24
Muscogee County,GA,0,N/S,202401300600,05Z 01/30/24,00Z 02/02/24
Tallahatchie County,MS,0,N/S,202401300600,05Z 01/30/24,00Z 02/02/24
Atchison County,KS,1,LIMITED,202401300600,05Z 01/30/24,00Z 02/02/24
Lares Municipio,PR,0,N/S,202401300600,05Z 01/30/24,00Z 02/02/24
Andrews County,TX,0,N/S,202401300600,05Z 01/30/24,00Z 02/02/24
Miami County,OH,0,N/S,202401300600,05Z 01/30/24,00Z 02/02/24
Potter County,TX,0,N/S,202401300600,05Z 01/30/24,00Z 02/02/24
Seminole County,OK,0,N/S,202401300600,05Z 01/30/24,00Z 02/02/24
Aiken County,SC,0,N/S,202401300600,05Z 01/30/24,00Z 02/02/24
Manu'a District,AS,0,N/S,202401300600,05Z 01/30/24,00Z 02/02/24
Mendocino County,CA,0,N/S,202401300600,05Z 01/30/24,00Z 02/02/24
Chesapeake city,VA,0,N/S,202401300600,05Z 01/30/24,00Z 02/02/24
Tinian Municipality,MP,0,N/S,202401300600,05Z 01/30/24,00Z 02/02/24
Yauco Municipio,PR,0,N/S,202401300600,05Z 01/30/24,00Z 02/02/24
Sweetwater County,WY,1,LIMITED,202401300600,05Z 01/30/24,00Z 02/02/24
Garza County,TX,0,N/S,202401300600,05Z 01/30/24,00Z 02/02/24
Hardy County,WV,1,LIMITED,202401300600,05Z 01/30/24,00Z 02/02/24
Adjuntas Municipio,PR,0,N/S,202401300600,05Z 01/30/24,00Z 02/02/24
Ozaukee County,WI,0,N/S,202401300600,05Z 01/30/24,00Z 02/02/24
Sullivan County,TN,0,N/S,202401300600,05Z 01/30/24,00Z 02/02/24
Laurens County,SC,0,N/S,202401300600,05Z 01/30/24,00Z 02/02/24
Crook County,WY,0,N/S,202401300600,05Z 01/30/24,00Z 02/02/24
Sheboygan County,WI,0,N/S,202401300600,05Z 01/30/24,00Z 02/02/24
Hampden County,MA,0,N/S,202401300600,05Z 01/30/24,00Z 02/02/24
Caldwell County,TX,0,N/S,202401300600,05Z 01/30/24,00Z 02/02/24
Cloud County,KS,0,N/S,202401300600,05Z 01/30/24,00Z 02/02/24
Inyo County,CA,2,MINOR,202401300600,05Z 01/30/24,00Z 02/02/24
Coosa County,AL,0,N/S,202401300600,05Z 01/30/24,00Z 02/02/24
Dickinson County,IA,1,LIMITED,202401300600,05Z 01/30/24,00Z 02/02/24
Harlan County,KY,1,LIMITED,202401300600,05Z 01/30/24,00Z 02/02/24
Geary County,KS,1,LIMITED,202401300600,05Z 01/30/24,00Z 02/02/24
Berks County,PA,0,N/S,202401300600,05Z 01/30/24,00Z 02/02/24
Carter County,TN,1,LIMITED,202401300600,05Z 01/30/24,00Z 02/02/24
Lyon County,MN,1,LIMITED,202401300600,05Z 01/30/24,00Z 02/02/24
Charlotte County,VA,0,N/S,202401300600,05Z 01/30/24,00Z 02/02/24
Washington County,TN,0,N/S,202401300600,05Z 01/30/24,00Z 02/02/24
Newberry County,SC,0,N/S,202401300600,05Z 01/30/24,00Z 02/02/24
Isle of Wight County,VA,0,N/S,202401300600,05Z 01/30/24,00Z 02/02/24
Wheeler County,OR,0,N/S,202401300600,05Z 01/30/24,00Z 02/02/24
Butler County,MO,0,N/S,202401300600,05Z 01/30/24,00Z 02/02/24
Iberville Parish,LA,0,N/S,202401300600,05Z 01/30/24,00Z 02/02/24
Sharkey County,MS,0,N/S,202401300600,05Z 01/30/24,00Z 02/02/24
Fauquier County,VA,0,N/S,202401300600,05Z 01/30/24,00Z 02/02/24
Radford city,VA,1,LIMITED,202401300600,05Z 01/30/24,00Z 02/02/24
Douglas County,NV,2,MINOR,202401300600,05Z 01/30/24,00Z 02/02/24
Franklin County,FL,0,N/S,202401300600,05Z 01/30/24,00Z 02/02/24
Greene County,IN,0,N/S,202401300600,05Z 01/30/24,00Z 02/02/24
Rush County,IN,0,N/S,202401300600,05Z 01/30/24,00Z 02/02/24
Washington County,WI,1,LIMITED,202401300600,05Z 01/30/24,00Z 02/02/24
Laclede County,MO,0,N/S,202401300600,05Z 01/30/24,00Z 02/02/24
Mercer County,PA,1,LIMITED,202401300600,05Z 01/30/24,00Z 02/02/24
Craighead County,AR,0,N/S,202401300600,05Z 01/30/24,00Z 02/02/24
Saline County,MO,1,LIMITED,202401300600,05Z 01/30/24,00Z 02/02/24
White County,IL,0,N/S,202401300600,05Z 01/30/24,00Z 02/02/24
De Witt County,IL,0,N/S,202401300600,05Z 01/30/24,00Z 02/02/24
White Pine County,NV,2,MINOR,202401300600,05Z 01/30/24,00Z 02/02/24
Goodhue County,MN,1,LIMITED,202401300600,05Z 01/30/24,00Z 02/02/24
Swain County,NC,2,MINOR,202401300600,05Z 01/30/24,00Z 02/02/24
Pasco County,FL,0,N/S,202401300600,05Z 01/30/24,00Z 02/02/24
Sumter County,FL,0,N/S,202401300600,05Z 01/30/24,00Z 02/02/24
Nassau County,NY,0,N/S,202401300600,05Z 01/30/24,00Z 02/02/24
Steele County,ND,1,LIMITED,202401300600,05Z 01/30/24,00Z 02/02/24
Vanderburgh County,IN,0,N/S,202401300600,05Z 01/30/24,00Z 02/02/24
Franklin County,MO,0,N/S,202401300600,05Z 01/30/24,00Z 02/02/24
Avery County,NC,1,LIMITED,202401300600,05Z 01/30/24,00Z 02/02/24
Wood County,WV,0,N/S,202401300600,05Z 01/30/24,00Z 02/02/24
Bayfield County,WI,1,LIMITED,202401300600,05Z 01/30/24,00Z 02/02/24
Stewart County,TN,0,N/S,202401300600,05Z 01/30/24,00Z 02/02/24
Portage County,WI,1,LIMITED,202401300600,05Z 01/30/24,00Z 02/02/24
Lexington County,SC,0,N/S,202401300600,05Z 01/30/24,00Z 02/02/24
Anne Arundel County,MD,0,N/S,202401300600,05Z 01/30/24,00Z 02/02/24
Fond du Lac County,WI,1,LIMITED,202401300600,05Z 01/30/24,00Z 02/02/24
Webster County,WV,1,LIMITED,202401300600,05Z 01/30/24,00Z 02/02/24
Kewaunee County,WI,1,LIMITED,202401300600,05Z 01/30/24,00Z 02/02/24
Parmer County,TX,0,N/S,202401300600,05Z 01/30/24,00Z 02/02/24
Woods County,OK,0,N/S,202401300600,05Z 01/30/24,00Z 02/02/24
Elliott County,KY,0,N/S,202401300600,05Z 01/30/24,00Z 02/02/24
Berkshire County,MA,0,N/S,202401300600,05Z 01/30/24,00Z 02/02/24
Chariton County,MO,1,LIMITED,202401300600,05Z 01/30/24,00Z 02/02/24
Rio Blanco County,CO,1,LIMITED,202401300600,05Z 01/30/24,00Z 02/02/24
Morgan County,CO,0,N/S,202401300600,05Z 01/30/24,00Z 02/02/24
Malheur County,OR,1,LIMITED,202401300600,05Z 01/30/24,00Z 02/02/24
Middlesex County,NJ,0,N/S,202401300600,05Z 01/30/24,00Z 02/02/24
Russell County,KS,0,N/S,202401300600,05Z 01/30/24,00Z 02/02/24
Putnam County,IL,1,LIMITED,202401300600,05Z 01/30/24,00Z 02/02/24
Haakon County,SD,1,LIMITED,202401300600,05Z 01/30/24,00Z 02/02/24
Macon County,TN,0,N/S,202401300600,05Z 01/30/24,00Z 02/02/24
Cleburne County,AR,0,N/S,202401300600,05Z 01/30/24,00Z 02/02/24
Pike County,AL,0,N/S,202401300600,05Z 01/30/24,00Z 02/02/24
Adams County,ID,1,LIMITED,202401300600,05Z 01/30/24,00Z 02/02/24
Bristol County,MA,0,N/S,202401300600,05Z 01/30/24,00Z 02/02/24
Schuylkill County,PA,1,LIMITED,202401300600,05Z 01/30/24,00Z 02/02/24
Wells County,ND,1,LIMITED,202401300600,05Z 01/30/24,00Z 02/02/24
Cleveland County,NC,0,N/S,202401300600,05Z 01/30/24,00Z 02/02/24
Hot Spring County,AR,0,N/S,202401300600,05Z 01/30/24,00Z 02/02/24
Frederick County,MD,0,N/S,202401300600,05Z 01/30/24,00Z 02/02/24
Schuyler County,IL,1,LIMITED,202401300600,05Z 01/30/24,00Z 02/02/24
Mono County,CA,2,MINOR,202401300600,05Z 01/30/24,00Z 02/02/24
Tuolumne County,CA,2,MINOR,202401300600,05Z 01/30/24,00Z 02/02/24
Doña Ana County,NM,0,N/S,202401300600,05Z 01/30/24,00Z 02/02/24
Crisp County,GA,0,N/S,202401300600,05Z 01/30/24,00Z 02/02/24
Columbia County,AR,0,N/S,202401300600,05Z 01/30/24,00Z 02/02/24
Griggs County,ND,1,LIMITED,202401300600,05Z 01/30/24,00Z 02/02/24
Solano County,CA,0,N/S,202401300600,05Z 01/30/24,00Z 02/02/24
Clayton County,IA,1,LIMITED,202401300600,05Z 01/30/24,00Z 02/02/24
Titus County,TX,0,N/S,202401300600,05Z 01/30/24,00Z 02/02/24
Hampshire County,WV,1,LIMITED,202401300600,05Z 01/30/24,00Z 02/02/24
Moore County,NC,0,N/S,202401300600,05Z 01/30/24,00Z 02/02/24
Barton County,KS,0,N/S,202401300600,05Z 01/30/24,00Z 02/02/24
Slope County,ND,0,N/S,202401300600,05Z 01/30/24,00Z 02/02/24
Richland Parish,LA,0,N/S,202401300600,05Z 01/30/24,00Z 02/02/24
Garfield County,NE,1,LIMITED,202401300600,05Z 01/30/24,00Z 02/02/24
St. Martin Parish,LA,0,N/S,202401300600,05Z 01/30/24,00Z 02/02/24
Sumter County,AL,0,N/S,202401300600,05Z 01/30/24,00Z 02/02/24
Winston County,AL,0,N/S,202401300600,05Z 01/30/24,00Z 02/02/24
Seminole County,FL,0,N/S,202401300600,05Z 01/30/24,00Z 02/02/24
Forrest County,MS,0,N/S,202401300600,05Z 01/30/24,00Z 02/02/24
Ingham County,MI,0,N/S,202401300600,05Z 01/30/24,00Z 02/02/24
Shawnee County,KS,1,LIMITED,202401300600,05Z 01/30/24,00Z 02/02/24
Hanson County,SD,1,LIMITED,202401300600,05Z 01/30/24,00Z 02/02/24
Itasca County,MN,1,LIMITED,202401300600,05Z 01/30/24,00Z 02/02/24
Lincoln County,CO,0,N/S,202401300600,05Z 01/30/24,00Z 02/02/24
Madison County,NY,1,LIMITED,202401300600,05Z 01/30/24,00Z 02/02/24
Washington County,NY,1,LIMITED,202401300600,05Z 01/30/24,00Z 02/02/24
Johnson County,IN,0,N/S,202401300600,05Z 01/30/24,00Z 02/02/24
Terry County,TX,0,N/S,202401300600,05Z 01/30/24,00Z 02/02/24
Harding County,NM,0,N/S,202401300600,05Z 01/30/24,00Z 02/02/24
Talladega County,AL,0,N/S,202401300600,05Z 01/30/24,00Z 02/02/24
Langlade County,WI,1,LIMITED,202401300600,05Z 01/30/24,00Z 02/02/24
Foard County,TX,0,N/S,202401300600,05Z 01/30/24,00Z 02/02/24
Buena Vista County,IA,1,LIMITED,202401300600,05Z 01/30/24,00Z 02/02/24
Mills County,IA,1,LIMITED,202401300600,05Z 01/30/24,00Z 02/02/24
Real County,TX,0,N/S,202401300600,05Z 01/30/24,00Z 02/02/24
Delaware County,OH,0,N/S,202401300600,05Z 01/30/24,00Z 02/02/24
Forsyth County,NC,0,N/S,202401300600,05Z 01/30/24,00Z 02/02/24
Carson City,NV,2,MINOR,202401300600,05Z 01/30/24,00Z 02/02/24
Dallas County,IA,1,LIMITED,202401300600,05Z 01/30/24,00Z 02/02/24
Carson County,TX,0,N/S,202401300600,05Z 01/30/24,00Z 02/02/24
Sumter County,GA,0,N/S,202401300600,05Z 01/30/24,00Z 02/02/24
Wayne County,MO,0,N/S,202401300600,05Z 01/30/24,00Z 02/02/24
Anderson County,SC,0,N/S,202401300600,05Z 01/30/24,00Z 02/02/24
Carbon County,WY,1,LIMITED,202401300600,05Z 01/30/24,00Z 02/02/24
Silver Bow County,MT,1,LIMITED,202401300600,05Z 01/30/24,00Z 02/02/24
Stephenson County,IL,1,LIMITED,202401300600,05Z 01/30/24,00Z 02/02/24
Lapeer County,MI,0,N/S,202401300600,05Z 01/30/24,00Z 02/02/24
Claiborne Parish,LA,0,N/S,202401300600,05Z 01/30/24,00Z 02/02/24
Yalobusha County,MS,0,N/S,202401300600,05Z 01/30/24,00Z 02/02/24
Maricao Municipio,PR,0,N/S,202401300600,05Z 01/30/24,00Z 02/02/24
Kalkaska County,MI,0,N/S,202401300600,05Z 01/30/24,00Z 02/02/24
Aguadilla Municipio,PR,0,N/S,202401300600,05Z 01/30/24,00Z 02/02/24
Evangeline Parish,LA,0,N/S,202401300600,05Z 01/30/24,00Z 02/02/24
Hardeman County,TN,0,N/S,202401300600,05Z 01/30/24,00Z 02/02/24
Cochise County,AZ,0,N/S,202401300600,05Z 01/30/24,00Z 02/02/24
Hidalgo County,NM,0,N/S,202401300600,05Z 01/30/24,00Z 02/02/24
Divide County,ND,1,LIMITED,202401300600,05Z 01/30/24,00Z 02/02/24
San Bernardino County,CA,0,N/S,202401300600,05Z 01/30/24,00Z 02/02/24
Montezuma County,CO,1,LIMITED,202401300600,05Z 01/30/24,00Z 02/02/24
Clarke County,MS,0,N/S,202401300600,05Z 01/30/24,00Z 02/02/24
Marion County,IA,1,LIMITED,202401300600,05Z 01/30/24,00Z 02/02/24
Douglas County,NE,1,LIMITED,202401300600,05Z 01/30/24,00Z 02/02/24
Fairfax city,VA,0,N/S,202401300600,05Z 01/30/24,00Z 02/02/24
Harmon County,OK,0,N/S,202401300600,05Z 01/30/24,00Z 02/02/24
Cedar County,MO,0,N/S,202401300600,05Z 01/30/24,00Z 02/02/24
Clarke County,GA,0,N/S,202401300600,05Z 01/30/24,00Z 02/02/24
Valley County,ID,1,LIMITED,202401300600,05Z 01/30/24,00Z 02/02/24
Knox County,TX,0,N/S,202401300600,05Z 01/30/24,00Z 02/02/24
Ouachita County,AR,0,N/S,202401300600,05Z 01/30/24,00Z 02/02/24
Darke County,OH,0,N/S,202401300600,05Z 01/30/24,00Z 02/02/24
Kay County,OK,0,N/S,202401300600,05Z 01/30/24,00Z 02/02/24
Dewey County,SD,1,LIMITED,202401300600,05Z 01/30/24,00Z 02/02/24
Tillamook County,OR,0,N/S,202401300600,05Z 01/30/24,00Z 02/02/24
Coweta County,GA,0,N/S,202401300600,05Z 01/30/24,00Z 02/02/24
Simpson County,MS,0,N/S,202401300600,05Z 01/30/24,00Z 02/02/24
Stone County,MS,0,N/S,202401300600,05Z 01/30/24,00Z 02/02/24
Contra Costa County,CA,0,N/S,202401300600,05Z 01/30/24,00Z 02/02/24
Carroll County,TN,0,N/S,202401300600,05Z 01/30/24,00Z 02/02/24
Henrico County,VA,0,N/S,202401300600,05Z 01/30/24,00Z 02/02/24
Owen County,IN,0,N/S,202401300600,05Z 01/30/24,00Z 02/02/24
Westchester County,NY,1,LIMITED,202401300600,05Z 01/30/24,00Z 02/02/24
Bollinger County,MO,0,N/S,202401300600,05Z 01/30/24,00Z 02/02/24
McDowell County,WV,1,LIMITED,202401300600,05Z 01/30/24,00Z 02/02/24
Harrison County,WV,0,N/S,202401300600,05Z 01/30/24,00Z 02/02/24
Granville County,NC,0,N/S,202401300600,05Z 01/30/24,00Z 02/02/24
Pierce County,NE,1,LIMITED,202401300600,05Z 01/30/24,00Z 02/02/24
Bleckley County,GA,0,N/S,202401300600,05Z 01/30/24,00Z 02/02/24
Burke County,GA,0,N/S,202401300600,05Z 01/30/24,00Z 02/02/24
Union County,IL,0,N/S,202401300600,05Z 01/30/24,00Z 02/02/24
Kankakee County,IL,0,N/S,202401300600,05Z 01/30/24,00Z 02/02/24
McIntosh County,ND,1,LIMITED,202401300600,05Z 01/30/24,00Z 02/02/24
Platte County,NE,1,LIMITED,202401300600,05Z 01/30/24,00Z 02/02/24
Warren County,NC,0,N/S,202401300600,05Z 01/30/24,00Z 02/02/24
Aibonito Municipio,PR,0,N/S,202401300600,05Z 01/30/24,00Z 02/02/24
Marion County,GA,0,N/S,202401300600,05Z 01/30/24,00Z 02/02/24
Clay County,SD,1,LIMITED,202401300600,05Z 01/30/24,00Z 02/02/24
Sussex County,DE,0,N/S,202401300600,05Z 01/30/24,00Z 02/02/24
Jasper County,GA,0,N/S,202401300600,05Z 01/30/24,00Z 02/02/24
Randolph County,MO,0,N/S,202401300600,05Z 01/30/24,00Z 02/02/24
Butler County,KS,0,N/S,202401300600,05Z 01/30/24,00Z 02/02/24
Hays County,TX,0,N/S,202401300600,05Z 01/30/24,00Z 02/02/24
Medina County,TX,0,N/S,202401300600,05Z 01/30/24,00Z 02/02/24
Mason County,MI,0,N/S,202401300600,05Z 01/30/24,00Z 02/02/24
Beaufort County,SC,0,N/S,202401300600,05Z 01/30/24,00Z 02/02/24
Yankton County,SD,1,LIMITED,202401300600,05Z 01/30/24,00Z 02/02/24
Rock County,WI,0,N/S,202401300600,05Z 01/30/24,00Z 02/02/24
Pickens County,SC,0,N/S,202401300600,05Z 01/30/24,00Z 02/02/24
Columbia County,WA,0,N/S,202401300600,05Z 01/30/24,00Z 02/02/24
Clinton County,IN,0,N/S,202401300600,05Z 01/30/24,00Z 02/02/24
Clinton County,IL,0,N/S,202401300600,05Z 01/30/24,00Z 02/02/24
Minidoka County,ID,1,LIMITED,202401300600,05Z 01/30/24,00Z 02/02/24
Sullivan County,PA,1,LIMITED,202401300600,05Z 01/30/24,00Z 02/02/24
Rankin County,MS,0,N/S,202401300600,05Z 01/30/24,00Z 02/02/24
Motley County,TX,0,N/S,202401300600,05Z 01/30/24,00Z 02/02/24
Lane County,OR,0,N/S,202401300600,05Z 01/30/24,00Z 02/02/24
Wichita County,TX,0,N/S,202401300600,05Z 01/30/24,00Z 02/02/24
Shiawassee County,MI,0,N/S,202401300600,05Z 01/30/24,00Z 02/02/24
Jewell County,KS,1,LIMITED,202401300600,05Z 01/30/24,00Z 02/02/24
Mitchell County,KS,0,N/S,202401300600,05Z 01/30/24,00Z 02/02/24
Bradford County,FL,0,N/S,202401300600,05Z 01/30/24,00Z 02/02/24
Marion County,MS,0,N/S,202401300600,05Z 01/30/24,00Z 02/02/24
George County,MS,0,N/S,202401300600,05Z 01/30/24,00Z 02/02/24
Jo Daviess County,IL,1,LIMITED,202401300600,05Z 01/30/24,00Z 02/02/24
Hancock County,IN,0,N/S,202401300600,05Z 01/30/24,00Z 02/02/24
Franklin city,VA,0,N/S,202401300600,05Z 01/30/24,00Z 02/02/24
Midland County,TX,0,N/S,202401300600,05Z 01/30/24,00Z 02/02/24
Scott County,KS,0,N/S,202401300600,05Z 01/30/24,00Z 02/02/24
Cascade County,MT,0,N/S,202401300600,05Z 01/30/24,00Z 02/02/24
Harrisonburg city,VA,1,LIMITED,202401300600,05Z 01/30/24,00Z 02/02/24
Williamson County,IL,0,N/S,202401300600,05Z 01/30/24,00Z 02/02/24
Flathead County,MT,1,LIMITED,202401300600,05Z 01/30/24,00Z 02/02/24
Peñuelas Municipio,PR,0,N/S,202401300600,05Z 01/30/24,00Z 02/02/24
Stevens County,KS,0,N/S,202401300600,05Z 01/30/24,00Z 02/02/24
Fayette County,KY,0,N/S,202401300600,05Z 01/30/24,00Z 02/02/24
Hancock County,KY,0,N/S,202401300600,05Z 01/30/24,00Z 02/02/24
Brown County,SD,1,LIMITED,202401300600,05Z 01/30/24,00Z 02/02/24
Barbour County,WV,0,N/S,202401300600,05Z 01/30/24,00Z 02/02/24
Wayne County,TN,0,N/S,202401300600,05Z 01/30/24,00Z 02/02/24
Box Butte County,NE,0,N/S,202401300600,05Z 01/30/24,00Z 02/02/24
Northumberland County,PA,1,LIMITED,202401300600,05Z 01/30/24,00Z 02/02/24
Victoria County,TX,0,N/S,202401300600,05Z 01/30/24,00Z 02/02/24
Buena Vista city,VA,1,LIMITED,202401300600,05Z 01/30/24,00Z 02/02/24
St. Clair County,MI,0,N/S,202401300600,05Z 01/30/24,00Z 02/02/24
Thurston County,NE,1,LIMITED,202401300600,05Z 01/30/24,00Z 02/02/24
Lamoille County,VT,1,LIMITED,202401300600,05Z 01/30/24,00Z 02/02/24
Franklin County,VA,0,N/S,202401300600,05Z 01/30/24,00Z 02/02/24
Blaine County,OK,0,N/S,202401300600,05Z 01/30/24,00Z 02/02/24
Kittitas County,WA,0,N/S,202401300600,05Z 01/30/24,00Z 02/02/24
Randolph County,IN,0,N/S,202401300600,05Z 01/30/24,00Z 02/02/24
Kane County,UT,0,N/S,202401300600,05Z 01/30/24,00Z 02/02/24
Tucker County,WV,1,LIMITED,202401300600,05Z 01/30/24,00Z 02/02/24
Ponce Municipio,PR,0,N/S,202401300600,05Z 01/30/24,00Z 02/02/24
Crawford County,WI,1,LIMITED,202401300600,05Z 01/30/24,00Z 02/02/24
Jackson County,AL,0,N/S,202401300600,05Z 01/30/24,00Z 02/02/24
Mahaska County,IA,1,LIMITED,202401300600,05Z 01/30/24,00Z 02/02/24
Douglas County,KS,1,LIMITED,202401300600,05Z 01/30/24,00Z 02/02/24
Daviess County,KY,0,N/S,202401300600,05Z 01/30/24,00Z 02/02/24
Powell County,KY,0,N/S,202401300600,05Z 01/30/24,00Z 02/02/24
Jasper County,MO,0,N/S,202401300600,05Z 01/30/24,00Z 02/02/24
Union County,OR,0,N/S,202401300600,05Z 01/30/24,00Z 02/02/24
Henry County,GA,0,N/S,202401300600,05Z 01/30/24,00Z 02/02/24
Adams County,ND,0,N/S,202401300600,05Z 01/30/24,00Z 02/02/24
Pamlico County,NC,0,N/S,202401300600,05Z 01/30/24,00Z 02/02/24
Graves County,KY,0,N/S,202401300600,05Z 01/30/24,00Z 02/02/24
Cambria County,PA,1,LIMITED,202401300600,05Z 01/30/24,00Z 02/02/24
McMinn County,TN,0,N/S,202401300600,05Z 01/30/24,00Z 02/02/24
Livingston County,MI,0,N/S,202401300600,05Z 01/30/24,00Z 02/02/24
Adams County,CO,0,N/S,202401300600,05Z 01/30/24,00Z 02/02/24
Lackawanna County,PA,1,LIMITED,202401300600,05Z 01/30/24,00Z 02/02/24
Pontotoc County,OK,0,N/S,202401300600,05Z 01/30/24,00Z 02/02/24
Creek County,OK,0,N/S,202401300600,05Z 01/30/24,00Z 02/02/24
Tyler County,TX,0,N/S,202401300600,05Z 01/30/24,00Z 02/02/24
Van Buren County,TN,0,N/S,202401300600,05Z 01/30/24,00Z 02/02/24
Pottawatomie County,OK,0,N/S,202401300600,05Z 01/30/24,00Z 02/02/24
Socorro County,NM,0,N/S,202401300600,05Z 01/30/24,00Z 02/02/24
Atkinson County,GA,0,N/S,202401300600,05Z 01/30/24,00Z 02/02/24
Duval County,FL,0,N/S,202401300600,05Z 01/30/24,00Z 02/02/24
Falls County,TX,0,N/S,202401300600,05Z 01/30/24,00Z 02/02/24
Yell County,AR,0,N/S,202401300600,05Z 01/30/24,00Z 02/02/24
Comanche County,KS,0,N/S,202401300600,05Z 01/30/24,00Z 02/02/24
Jessamine County,KY,0,N/S,202401300600,05Z 01/30/24,00Z 02/02/24
Monroe County,KY,0,N/S,202401300600,05Z 01/30/24,00Z 02/02/24
Kiowa County,OK,0,N/S,202401300600,05Z 01/30/24,00Z 02/02/24
Lake County,SD,1,LIMITED,202401300600,05Z 01/30/24,00Z 02/02/24
Caswell County,NC,0,N/S,202401300600,05Z 01/30/24,00Z 02/02/24
Presidio County,TX,0,N/S,202401300600,05Z 01/30/24,00Z 02/02/24
Greene County,OH,0,N/S,202401300600,05Z 01/30/24,00Z 02/02/24
Willacy County,TX,0,N/S,202401300600,05Z 01/30/24,00Z 02/02/24
Bayamón Municipio,PR,0,N/S,202401300600,05Z 01/30/24,00Z 02/02/24
Los Alamos County,NM,1,LIMITED,202401300600,05Z 01/30/24,00Z 02/02/24
Kenai Peninsula Borough,AK,0,N/S,202401300600,05Z 01/30/24,00Z 02/02/24
Baldwin County,AL,0,N/S,202401300600,05Z 01/30/24,00Z 02/02/24
Appanoose County,IA,1,LIMITED,202401300600,05Z 01/30/24,00Z 02/02/24
St. Croix Island,VI,0,N/S,202401300600,05Z 01/30/24,00Z 02/02/24
New Kent County,VA,0,N/S,202401300600,05Z 01/30/24,00Z 02/02/24
Talbot County,GA,0,N/S,202401300600,05Z 01/30/24,00Z 02/02/24
Lewis County,NY,1,LIMITED,202401300600,05Z 01/30/24,00Z 02/02/24
Clay County,WV,0,N/S,202401300600,05Z 01/30/24,00Z 02/02/24
Jefferson County,IN,0,N/S,202401300600,05Z 01/30/24,00Z 02/02/24
Bedford County,VA,0,N/S,202401300600,05Z 01/30/24,00Z 02/02/24
Mora County,NM,0,N/S,202401300600,05Z 01/30/24,00Z 02/02/24
Boone County,NE,1,LIMITED,202401300600,05Z 01/30/24,00Z 02/02/24
Oregon County,MO,0,N/S,202401300600,05Z 01/30/24,00Z 02/02/24
Houston County,TN,0,N/S,202401300600,05Z 01/30/24,00Z 02/02/24
Wyoming County,PA,1,LIMITED,202401300600,05Z 01/30/24,00Z 02/02/24
Lenoir County,NC,0,N/S,202401300600,05Z 01/30/24,00Z 02/02/24
Vigo County,IN,0,N/S,202401300600,05Z 01/30/24,00Z 02/02/24
Elkhart County,IN,0,N/S,202401300600,05Z 01/30/24,00Z 02/02/24
Grayson County,VA,1,LIMITED,202401300600,05Z 01/30/24,00Z 02/02/24
Lubbock County,TX,0,N/S,202401300600,05Z 01/30/24,00Z 02/02/24
Meeker County,MN,1,LIMITED,202401300600,05Z 01/30/24,00Z 02/02/24
Ashland County,OH,0,N/S,202401300600,05Z 01/30/24,00Z 02/02/24
Madison County,NE,1,LIMITED,202401300600,05Z 01/30/24,00Z 02/02/24
Martin County,FL,0,N/S,202401300600,05Z 01/30/24,00Z 02/02/24
Mineral County,CO,2,MINOR,202401300600,05Z 01/30/24,00Z 02/02/24
Dawson County,GA,0,N/S,202401300600,05Z 01/30/24,00Z 02/02/24
Johnson County,GA,0,N/S,202401300600,05Z 01/30/24,00Z 02/02/24
Monroe County,AR,0,N/S,202401300600,05Z 01/30/24,00Z 02/02/24
Dallas County,MO,0,N/S,202401300600,05Z 01/30/24,00Z 02/02/24
Pittsylvania County,VA,0,N/S,202401300600,05Z 01/30/24,00Z 02/02/24
Denali Borough,AK,0,N/S,202401300600,05Z 01/30/24,00Z 02/02/24
Pawnee County,KS,0,N/S,202401300600,05Z 01/30/24,00Z 02/02/24
Wyandotte County,KS,1,LIMITED,202401300600,05Z 01/30/24,00Z 02/02/24
Dixie County,FL,0,N/S,202401300600,05Z 01/30/24,00Z 02/02/24
Tuscola County,MI,0,N/S,202401300600,05Z 01/30/24,00Z 02/02/24
Southeast Fairbanks Census Area,AK,0,N/S,202401300600,05Z 01/30/24,00Z 02/02/24
Graham County,KS,0,N/S,202401300600,05Z 01/30/24,00Z 02/02/24
St. Landry Parish,LA,0,N/S,202401300600,05Z 01/30/24,00Z 02/02/24
Giles County,TN,0,N/S,202401300600,05Z 01/30/24,00Z 02/02/24
Lucas County,OH,0,N/S,202401300600,05Z 01/30/24,00Z 02/02/24
Mississippi County,AR,0,N/S,202401300600,05Z 01/30/24,00Z 02/02/24
Rincón Municipio,PR,0,N/S,202401300600,05Z 01/30/24,00Z 02/02/24
Floyd County,IN,1,LIMITED,202401300600,05Z 01/30/24,00Z 02/02/24
Morton County,KS,0,N/S,202401300600,05Z 01/30/24,00Z 02/02/24
Grant County,KY,0,N/S,202401300600,05Z 01/30/24,00Z 02/02/24
Taylor County,KY,0,N/S,202401300600,05Z 01/30/24,00Z 02/02/24
Graham County,NC,1,LIMITED,202401300600,05Z 01/30/24,00Z 02/02/24
Logan County,WV,0,N/S,202401300600,05Z 01/30/24,00Z 02/02/24
Pleasants County,WV,0,N/S,202401300600,05Z 01/30/24,00Z 02/02/24
Giles County,VA,1,LIMITED,202401300600,05Z 01/30/24,00Z 02/02/24
Fayette County,WV,1,LIMITED,202401300600,05Z 01/30/24,00Z 02/02/24
Snohomish County,WA,0,N/S,202401300600,05Z 01/30/24,00Z 02/02/24
Eddy County,NM,0,N/S,202401300600,05Z 01/30/24,00Z 02/02/24
McPherson County,NE,1,LIMITED,202401300600,05Z 01/30/24,00Z 02/02/24
Red Willow County,NE,0,N/S,202401300600,05Z 01/30/24,00Z 02/02/24
Rock County,NE,1,LIMITED,202401300600,05Z 01/30/24,00Z 02/02/24
Humphreys County,TN,0,N/S,202401300600,05Z 01/30/24,00Z 02/02/24
Mason County,IL,0,N/S,202401300600,05Z 01/30/24,00Z 02/02/24
Wythe County,VA,1,LIMITED,202401300600,05Z 01/30/24,00Z 02/02/24
Washington County,GA,0,N/S,202401300600,05Z 01/30/24,00Z 02/02/24
Yakima County,WA,0,N/S,202401300600,05Z 01/30/24,00Z 02/02/24
Washington County,AR,0,N/S,202401300600,05Z 01/30/24,00Z 02/02/24
Henderson County,TX,0,N/S,202401300600,05Z 01/30/24,00Z 02/02/24
Eau Claire County,WI,1,LIMITED,202401300600,05Z 01/30/24,00Z 02/02/24
Sequatchie County,TN,0,N/S,202401300600,05Z 01/30/24,00Z 02/02/24
Walker County,TX,0,N/S,202401300600,05Z 01/30/24,00Z 02/02/24
Coconino County,AZ,1,LIMITED,202401300600,05Z 01/30/24,00Z 02/02/24
Sumner County,KS,0,N/S,202401300600,05Z 01/30/24,00Z 02/02/24
Oceana County,MI,0,N/S,202401300600,05Z 01/30/24,00Z 02/02/24
Kanabec County,MN,1,LIMITED,202401300600,05Z 01/30/24,00Z 02/02/24
Ashtabula County,OH,0,N/S,202401300600,05Z 01/30/24,00Z 02/02/24
Alpine County,CA,3,MODERATE,202401300600,05Z 01/30/24,00Z 02/02/24
Galveston County,TX,0,N/S,202401300600,05Z 01/30/24,00Z 02/02/24
Bullock County,AL,0,N/S,202401300600,05Z 01/30/24,00Z 02/02/24
Livingston County,IL,0,N/S,202401300600,05Z 01/30/24,00Z 02/02/24
Preble County,OH,0,N/S,202401300600,05Z 01/30/24,00Z 02/02/24
Jackson County,OH,0,N/S,202401300600,05Z 01/30/24,00Z 02/02/24
Harris County,TX,0,N/S,202401300600,05Z 01/30/24,00Z 02/02/24
Middlesex County,MA,0,N/S,202401300600,05Z 01/30/24,00Z 02/02/24
Vega Baja Municipio,PR,0,N/S,202401300600,05Z 01/30/24,00Z 02/02/24
Dawson County,TX,0,N/S,202401300600,05Z 01/30/24,00Z 02/02/24
Ontario County,NY,1,LIMITED,202401300600,05Z 01/30/24,00Z 02/02/24
Autauga County,AL,0,N/S,202401300600,05Z 01/30/24,00Z 02/02/24
Miami County,KS,1,LIMITED,202401300600,05Z 01/30/24,00Z 02/02/24
Dodge County,GA,0,N/S,202401300600,05Z 01/30/24,00Z 02/02/24
Cortland County,NY,1,LIMITED,202401300600,05Z 01/30/24,00Z 02/02/24
Camden County,GA,0,N/S,202401300600,05Z 01/30/24,00Z 02/02/24
Washtenaw County,MI,0,N/S,202401300600,05Z 01/30/24,00Z 02/02/24
LaGrange County,IN,0,N/S,202401300600,05Z 01/30/24,00Z 02/02/24
Pecos County,TX,0,N/S,202401300600,05Z 01/30/24,00Z 02/02/24
Peach County,GA,0,N/S,202401300600,05Z 01/30/24,00Z 02/02/24
White County,GA,0,N/S,202401300600,05Z 01/30/24,00Z 02/02/24
Jefferson County,GA,0,N/S,202401300600,05Z 01/30/24,00Z 02/02/24
Oconto County,WI,1,LIMITED,202401300600,05Z 01/30/24,00Z 02/02/24
Nacogdoches County,TX,0,N/S,202401300600,05Z 01/30/24,00Z 02/02/24
Washington County,RI,0,N/S,202401300600,05Z 01/30/24,00Z 02/02/24
Okanogan County,WA,0,N/S,202401300600,05Z 01/30/24,00Z 02/02/24
Spokane County,WA,0,N/S,202401300600,05Z 01/30/24,00Z 02/02/24
Forest County,WI,1,LIMITED,202401300600,05Z 01/30/24,00Z 02/02/24
Sawyer County,WI,1,LIMITED,202401300600,05Z 01/30/24,00Z 02/02/24
Hudson County,NJ,0,N/S,202401300600,05Z 01/30/24,00Z 02/02/24
Stark County,OH,0,N/S,202401300600,05Z 01/30/24,00Z 02/02/24
Guadalupe County,TX,0,N/S,202401300600,05Z 01/30/24,00Z 02/02/24
Island County,WA,0,N/S,202401300600,05Z 01/30/24,00Z 02/02/24
Jefferson County,WV,0,N/S,202401300600,05Z 01/30/24,00Z 02/02/24
Prince William County,VA,0,N/S,202401300600,05Z 01/30/24,00Z 02/02/24
Chester County,PA,0,N/S,202401300600,05Z 01/30/24,00Z 02/02/24
Mercer County,WV,1,LIMITED,202401300600,05Z 01/30/24,00Z 02/02/24
Roane County,TN,0,N/S,202401300600,05Z 01/30/24,00Z 02/02/24
Clallam County,WA,0,N/S,202401300600,05Z 01/30/24,00Z 02/02/24
Stevens County,WA,0,N/S,202401300600,05Z 01/30/24,00Z 02/02/24
Van Buren County,IA,1,LIMITED,202401300600,05Z 01/30/24,00Z 02/02/24
Gosper County,NE,0,N/S,202401300600,05Z 01/30/24,00Z 02/02/24
Monroe County,MS,0,N/S,202401300600,05Z 01/30/24,00Z 02/02/24
Escambia County,FL,0,N/S,202401300600,05Z 01/30/24,00Z 02/02/24
Tarrant County,TX,0,N/S,202401300600,05Z 01/30/24,00Z 02/02/24
Prince George's County,MD,0,N/S,202401300600,05Z 01/30/24,00Z 02/02/24
Scott County,VA,0,N/S,202401300600,05Z 01/30/24,00Z 02/02/24
Jackson County,TX,0,N/S,202401300600,05Z 01/30/24,00Z 02/02/24
Love County,OK,0,N/S,202401300600,05Z 01/30/24,00Z 02/02/24
Twiggs County,GA,0,N/S,202401300600,05Z 01/30/24,00Z 02/02/24
Mahoning County,OH,0,N/S,202401300600,05Z 01/30/24,00Z 02/02/24
Macon County,AL,0,N/S,202401300600,05Z 01/30/24,00Z 02/02/24
Wayne County,IL,0,N/S,202401300600,05Z 01/30/24,00Z 02/02/24
Swisher County,TX,0,N/S,202401300600,05Z 01/30/24,00Z 02/02/24
Osage County,MO,0,N/S,202401300600,05Z 01/30/24,00Z 02/02/24
Kane County,IL,0,N/S,202401300600,05Z 01/30/24,00Z 02/02/24
El Dorado County,CA,1,LIMITED,202401300600,05Z 01/30/24,00Z 02/02/24
Kershaw County,SC,0,N/S,202401300600,05Z 01/30/24,00Z 02/02/24
Gates County,NC,0,N/S,202401300600,05Z 01/30/24,00Z 02/02/24
Otero County,CO,0,N/S,202401300600,05Z 01/30/24,00Z 02/02/24
Douglas County,OR,0,N/S,202401300600,05Z 01/30/24,00Z 02/02/24
Monroe County,PA,1,LIMITED,202401300600,05Z 01/30/24,00Z 02/02/24
Newton County,AR,0,N/S,202401300600,05Z 01/30/24,00Z 02/02/24
Cavalier County,ND,0,N/S,202401300600,05Z 01/30/24,00Z 02/02/24
Noble County,OK,0,N/S,202401300600,05Z 01/30/24,00Z 02/02/24
Gove County,KS,0,N/S,202401300600,05Z 01/30/24,00Z 02/02/24
Pointe Coupee Parish,LA,0,N/S,202401300600,05Z 01/30/24,00Z 02/02/24
Gage County,NE,1,LIMITED,202401300600,05Z 01/30/24,00Z 02/02/24
St. Clair County,AL,0,N/S,202401300600,05Z 01/30/24,00Z 02/02/24
Scott County,MS,0,N/S,202401300600,05Z 01/30/24,00Z 02/02/24
Dougherty County,GA,0,N/S,202401300600,05Z 01/30/24,00Z 02/02/24
Harrison County,IN,0,N/S,202401300600,05Z 01/30/24,00Z 02/02/24
Bonner County,ID,0,N/S,202401300600,05Z 01/30/24,00Z 02/02/24
Catoosa County,GA,0,N/S,202401300600,05Z 01/30/24,00Z 02/02/24
LaSalle Parish,LA,0,N/S,202401300600,05Z 01/30/24,00Z 02/02/24
Waldo County,ME,0,N/S,202401300600,05Z 01/30/24,00Z 02/02/24
Howard County,MD,0,N/S,202401300600,05Z 01/30/24,00Z 02/02/24
Salt Lake County,UT,1,LIMITED,202401300600,05Z 01/30/24,00Z 02/02/24
Monroe County,FL,0,N/S,202401300600,05Z 01/30/24,00Z 02/02/24
Tuscarawas County,OH,0,N/S,202401300600,05Z 01/30/24,00Z 02/02/24
Capitol Planning Region,CT,0,N/S,202401300600,05Z 01/30/24,00Z 02/02/24
Greater Bridgeport Planning Region,CT,0,N/S,202401300600,05Z 01/30/24,00Z 02/02/24
Lower Connecticut River Valley Planning Region,CT,0,N/S,202401300600,05Z 01/30/24,00Z 02/02/24
Naugatuck Valley Planning Region,CT,0,N/S,202401300600,05Z 01/30/24,00Z 02/02/24
Northeastern Connecticut Planning Region,CT,0,N/S,202401300600,05Z 01/30/24,00Z 02/02/24
Northwest Hills Planning Region,CT,0,N/S,202401300600,05Z 01/30/24,00Z 02/02/24
South Central Connecticut Planning Region,CT,0,N/S,202401300600,05Z 01/30/24,00Z 02/02/24
Southeastern Connecticut Planning Region,CT,0,N/S,202401300600,05Z 01/30/24,00Z 02/02/24
Western Connecticut Planning Region,CT,0,N/S,202401300600,05Z 01/30/24,00Z 02/02/24
Richmond County,NY,0,N/S,202401300600,05Z 01/30/24,00Z 02/02/24
Highland County,OH,0,N/S,202401300600,05Z 01/30/24,00Z 02/02/24
Lake of the Woods County,MN,1,LIMITED,202401300600,05Z 01/30/24,00Z 02/02/24
Bingham County,ID,2,MINOR,202401300600,05Z 01/30/24,00Z 02/02/24
Cabo Rojo Municipio,PR,0,N/S,202401300600,05Z 01/30/24,00Z 02/02/24
Humacao Municipio,PR,0,N/S,202401300600,05Z 01/30/24,00Z 02/02/24
Juncos Municipio,PR,0,N/S,202401300600,05Z 01/30/24,00Z 02/02/24
Greenville County,SC,0,N/S,202401300600,05Z 01/30/24,00Z 02/02/24
Lyman County,SD,1,LIMITED,202401300600,05Z 01/30/24,00Z 02/02/24
Trempealeau County,WI,1,LIMITED,202401300600,05Z 01/30/24,00Z 02/02/24
Yolo County,CA,0,N/S,202401300600,05Z 01/30/24,00Z 02/02/24
Sterling County,TX,0,N/S,202401300600,05Z 01/30/24,00Z 02/02/24
Winkler County,TX,0,N/S,202401300600,05Z 01/30/24,00Z 02/02/24
Jackson County,SD,1,LIMITED,202401300600,05Z 01/30/24,00Z 02/02/24
Sevier County,UT,1,LIMITED,202401300600,05Z 01/30/24,00Z 02/02/24
Charles City County,VA,0,N/S,202401300600,05Z 01/30/24,00Z 02/02/24
Choctaw County,AL,0,N/S,202401300600,05Z 01/30/24,00Z 02/02/24
Knox County,IN,0,N/S,202401300600,05Z 01/30/24,00Z 02/02/24
Dawson County,NE,1,LIMITED,202401300600,05Z 01/30/24,00Z 02/02/24
Ford County,KS,0,N/S,202401300600,05Z 01/30/24,00Z 02/02/24
Williams County,ND,1,LIMITED,202401300600,05Z 01/30/24,00Z 02/02/24
Cass County,ND,1,LIMITED,202401300600,05Z 01/30/24,00Z 02/02/24
Hardin County,IL,0,N/S,202401300600,05Z 01/30/24,00Z 02/02/24
Arthur County,NE,0,N/S,202401300600,05Z 01/30/24,00Z 02/02/24
Frio County,TX,0,N/S,202401300600,05Z 01/30/24,00Z 02/02/24
Johnson County,IA,1,LIMITED,202401300600,05Z 01/30/24,00Z 02/02/24
Neosho County,KS,0,N/S,202401300600,05Z 01/30/24,00Z 02/02/24
Greenup County,KY,0,N/S,202401300600,05Z 01/30/24,00Z 02/02/24
Linn County,KS,0,N/S,202401300600,05Z 01/30/24,00Z 02/02/24
Garfield County,UT,0,N/S,202401300600,05Z 01/30/24,00Z 02/02/24
Eureka County,NV,2,MINOR,202401300600,05Z 01/30/24,00Z 02/02/24
Hayes County,NE,0,N/S,202401300600,05Z 01/30/24,00Z 02/02/24
Phillips County,CO,0,N/S,202401300600,05Z 01/30/24,00Z 02/02/24
Calhoun County,AR,0,N/S,202401300600,05Z 01/30/24,00Z 02/02/24
Fairbanks North Star Borough,AK,0,N/S,202401300600,05Z 01/30/24,00Z 02/02/24
Henderson County,KY,0,N/S,202401300600,05Z 01/30/24,00Z 02/02/24
Holmes County,MS,0,N/S,202401300600,05Z 01/30/24,00Z 02/02/24
Oktibbeha County,MS,0,N/S,202401300600,05Z 01/30/24,00Z 02/02/24
Ceiba Municipio,PR,0,N/S,202401300600,05Z 01/30/24,00Z 02/02/24
Corozal Municipio,PR,0,N/S,202401300600,05Z 01/30/24,00Z 02/02/24
Fergus County,MT,0,N/S,202401300600,05Z 01/30/24,00Z 02/02/24
Garrett County,MD,1,LIMITED,202401300600,05Z 01/30/24,00Z 02/02/24
Webster Parish,LA,0,N/S,202401300600,05Z 01/30/24,00Z 02/02/24
Hillsdale County,MI,0,N/S,202401300600,05Z 01/30/24,00Z 02/02/24
Logan County,KY,0,N/S,202401300600,05Z 01/30/24,00Z 02/02/24
Custer County,SD,0,N/S,202401300600,05Z 01/30/24,00Z 02/02/24
Merrimack County,NH,0,N/S,202401300600,05Z 01/30/24,00Z 02/02/24
York County,PA,0,N/S,202401300600,05Z 01/30/24,00Z 02/02/24
Rutherford County,NC,0,N/S,202401300600,05Z 01/30/24,00Z 02/02/24
Beadle County,SD,1,LIMITED,202401300600,05Z 01/30/24,00Z 02/02/24
Cullman County,AL,0,N/S,202401300600,05Z 01/30/24,00Z 02/02/24
Douglas County,GA,0,N/S,202401300600,05Z 01/30/24,00Z 02/02/24
Johnson County,NE,1,LIMITED,202401300600,05Z 01/30/24,00Z 02/02/24
Washington County,NC,0,N/S,202401300600,05Z 01/30/24,00Z 02/02/24
Jones County,SD,1,LIMITED,202401300600,05Z 01/30/24,00Z 02/02/24
Anson County,NC,0,N/S,202401300600,05Z 01/30/24,00Z 02/02/24
Haines Borough,AK,0,N/S,202401300600,05Z 01/30/24,00Z 02/02/24
Billings County,ND,0,N/S,202401300600,05Z 01/30/24,00Z 02/02/24
Antelope County,NE,1,LIMITED,202401300600,05Z 01/30/24,00Z 02/02/24
Gasconade County,MO,0,N/S,202401300600,05Z 01/30/24,00Z 02/02/24
Butler County,KY,0,N/S,202401300600,05Z 01/30/24,00Z 02/02/24
St. John Island,VI,0,N/S,202401300600,05Z 01/30/24,00Z 02/02/24
Campbell County,WY,0,N/S,202401300600,05Z 01/30/24,00Z 02/02/24
Morgan County,GA,0,N/S,202401300600,05Z 01/30/24,00Z 02/02/24
Cross County,AR,0,N/S,202401300600,05Z 01/30/24,00Z 02/02/24
Phillips County,AR,0,N/S,202401300600,05Z 01/30/24,00Z 02/02/24
St. James Parish,LA,0,N/S,202401300600,05Z 01/30/24,00Z 02/02/24
Yuba County,CA,0,N/S,202401300600,05Z 01/30/24,00Z 02/02/24
Shelby County,AL,0,N/S,202401300600,05Z 01/30/24,00Z 02/02/24
Ouray County,CO,1,LIMITED,202401300600,05Z 01/30/24,00Z 02/02/24
Curry County,NM,0,N/S,202401300600,05Z 01/30/24,00Z 02/02/24
Washita County,OK,0,N/S,202401300600,05Z 01/30/24,00Z 02/02/24
Orange County,NC,0,N/S,202401300600,05Z 01/30/24,00Z 02/02/24
Pulaski County,IN,0,N/S,202401300600,05Z 01/30/24,00Z 02/02/24
Benzie County,MI,0,N/S,202401300600,05Z 01/30/24,00Z 02/02/24
Erie County,NY,0,N/S,202401300600,05Z 01/30/24,00Z 02/02/24
Montgomery County,MD,0,N/S,202401300600,05Z 01/30/24,00Z 02/02/24
Manassas Park city,VA,0,N/S,202401300600,05Z 01/30/24,00Z 02/02/24
Arlington County,VA,0,N/S,202401300600,05Z 01/30/24,00Z 02/02/24
Carroll County,VA,1,LIMITED,202401300600,05Z 01/30/24,00Z 02/02/24
St. Charles County,MO,0,N/S,202401300600,05Z 01/30/24,00Z 02/02/24
San Benito County,CA,0,N/S,202401300600,05Z 01/30/24,00Z 02/02/24
Queen Anne's County,MD,0,N/S,202401300600,05Z 01/30/24,00Z 02/02/24
Brown County,KS,1,LIMITED,202401300600,05Z 01/30/24,00Z 02/02/24
Bulloch County,GA,0,N/S,202401300600,05Z 01/30/24,00Z 02/02/24
Floyd County,KY,0,N/S,202401300600,05Z 01/30/24,00Z 02/02/24
Broadwater County,MT,1,LIMITED,202401300600,05Z 01/30/24,00Z 02/02/24
Wheeler County,GA,0,N/S,202401300600,05Z 01/30/24,00Z 02/02/24
Craven County,NC,0,N/S,202401300600,05Z 01/30/24,00Z 02/02/24
Holt County,MO,1,LIMITED,202401300600,05Z 01/30/24,00Z 02/02/24
Lipscomb County,TX,0,N/S,202401300600,05Z 01/30/24,00Z 02/02/24
Columbia County,OR,0,N/S,202401300600,05Z 01/30/24,00Z 02/02/24
Florence County,SC,0,N/S,202401300600,05Z 01/30/24,00Z 02/02/24
Mountrail County,ND,1,LIMITED,202401300600,05Z 01/30/24,00Z 02/02/24
Washington County,UT,0,N/S,202401300600,05Z 01/30/24,00Z 02/02/24
Big Horn County,MT,0,N/S,202401300600,05Z 01/30/24,00Z 02/02/24
Elk County,PA,1,LIMITED,202401300600,05Z 01/30/24,00Z 02/02/24
Sioux County,NE,0,N/S,202401300600,05Z 01/30/24,00Z 02/02/24
Covington County,MS,0,N/S,202401300600,05Z 01/30/24,00Z 02/02/24
Moca Municipio,PR,0,N/S,202401300600,05Z 01/30/24,00Z 02/02/24
Brown County,IN,0,N/S,202401300600,05Z 01/30/24,00Z 02/02/24
Clark County,IN,0,N/S,202401300600,05Z 01/30/24,00Z 02/02/24
Boyle County,KY,0,N/S,202401300600,05Z 01/30/24,00Z 02/02/24
Estill County,KY,0,N/S,202401300600,05Z 01/30/24,00Z 02/02/24
Collingsworth County,TX,0,N/S,202401300600,05Z 01/30/24,00Z 02/02/24
Colorado County,TX,0,N/S,202401300600,05Z 01/30/24,00Z 02/02/24
Grundy County,IL,0,N/S,202401300600,05Z 01/30/24,00Z 02/02/24
Lincoln County,MN,1,LIMITED,202401300600,05Z 01/30/24,00Z 02/02/24
Evans County,GA,0,N/S,202401300600,05Z 01/30/24,00Z 02/02/24
Wise County,TX,0,N/S,202401300600,05Z 01/30/24,00Z 02/02/24
Bethel Census Area,AK,0,N/S,202401300600,05Z 01/30/24,00Z 02/02/24
Webster County,GA,0,N/S,202401300600,05Z 01/30/24,00Z 02/02/24
Jones County,GA,0,N/S,202401300600,05Z 01/30/24,00Z 02/02/24
Gwinnett County,GA,0,N/S,202401300600,05Z 01/30/24,00Z 02/02/24
Polk County,WI,1,LIMITED,202401300600,05Z 01/30/24,00Z 02/02/24
Green County,WI,1,LIMITED,202401300600,05Z 01/30/24,00Z 02/02/24
Orocovis Municipio,PR,0,N/S,202401300600,05Z 01/30/24,00Z 02/02/24
Putnam County,NY,1,LIMITED,202401300600,05Z 01/30/24,00Z 02/02/24
Newport News city,VA,0,N/S,202401300600,05Z 01/30/24,00Z 02/02/24
Bent County,CO,0,N/S,202401300600,05Z 01/30/24,00Z 02/02/24
Jackson County,OK,0,N/S,202401300600,05Z 01/30/24,00Z 02/02/24
Sanders County,MT,1,LIMITED,202401300600,05Z 01/30/24,00Z 02/02/24
Glasscock County,TX,0,N/S,202401300600,05Z 01/30/24,00Z 02/02/24
Franklin County,AR,0,N/S,202401300600,05Z 01/30/24,00Z 02/02/24
Major County,OK,0,N/S,202401300600,05Z 01/30/24,00Z 02/02/24
Montgomery County,TN,0,N/S,202401300600,05Z 01/30/24,00Z 02/02/24
Pend Oreille County,WA,0,N/S,202401300600,05Z 01/30/24,00Z 02/02/24
McLean County,ND,1,LIMITED,202401300600,05Z 01/30/24,00Z 02/02/24
Hood River County,OR,0,N/S,202401300600,05Z 01/30/24,00Z 02/02/24
Wright County,IA,1,LIMITED,202401300600,05Z 01/30/24,00Z 02/02/24
Shelby County,TX,0,N/S,202401300600,05Z 01/30/24,00Z 02/02/24
Crawford County,MO,0,N/S,202401300600,05Z 01/30/24,00Z 02/02/24
Bath County,VA,1,LIMITED,202401300600,05Z 01/30/24,00Z 02/02/24
Otter Tail County,MN,1,LIMITED,202401300600,05Z 01/30/24,00Z 02/02/24
Plaquemines Parish,LA,0,N/S,202401300600,05Z 01/30/24,00Z 02/02/24
Pontotoc County,MS,0,N/S,202401300600,05Z 01/30/24,00Z 02/02/24
Morehouse Parish,LA,0,N/S,202401300600,05Z 01/30/24,00Z 02/02/24
Bullitt County,KY,0,N/S,202401300600,05Z 01/30/24,00Z 02/02/24
Dallas County,AL,0,N/S,202401300600,05Z 01/30/24,00Z 02/02/24
Comanche County,TX,0,N/S,202401300600,05Z 01/30/24,00Z 02/02/24
Lincoln County,MT,1,LIMITED,202401300600,05Z 01/30/24,00Z 02/02/24
San Lorenzo Municipio,PR,0,N/S,202401300600,05Z 01/30/24,00Z 02/02/24
Toa Alta Municipio,PR,0,N/S,202401300600,05Z 01/30/24,00Z 02/02/24
Cass County,MN,1,LIMITED,202401300600,05Z 01/30/24,00Z 02/02/24
Archuleta County,CO,2,MINOR,202401300600,05Z 01/30/24,00Z 02/02/24
Yazoo County,MS,0,N/S,202401300600,05Z 01/30/24,00Z 02/02/24
Outagamie County,WI,1,LIMITED,202401300600,05Z 01/30/24,00Z 02/02/24
Lafayette County,MO,1,LIMITED,202401300600,05Z 01/30/24,00Z 02/02/24
Wilson County,NC,0,N/S,202401300600,05Z 01/30/24,00Z 02/02/24
Morrow County,OH,1,LIMITED,202401300600,05Z 01/30/24,00Z 02/02/24
Granite County,MT,1,LIMITED,202401300600,05Z 01/30/24,00Z 02/02/24
Foster County,ND,1,LIMITED,202401300600,05Z 01/30/24,00Z 02/02/24
Crawford County,AR,0,N/S,202401300600,05Z 01/30/24,00Z 02/02/24
Burnet County,TX,0,N/S,202401300600,05Z 01/30/24,00Z 02/02/24
Ste. Genevieve County,MO,0,N/S,202401300600,05Z 01/30/24,00Z 02/02/24
Gray County,TX,0,N/S,202401300600,05Z 01/30/24,00Z 02/02/24
McDonough County,IL,0,N/S,202401300600,05Z 01/30/24,00Z 02/02/24
Montgomery County,IA,1,LIMITED,202401300600,05Z 01/30/24,00Z 02/02/24
Jackson County,AR,0,N/S,202401300600,05Z 01/30/24,00Z 02/02/24
Hudspeth County,TX,0,N/S,202401300600,05Z 01/30/24,00Z 02/02/24
Rapides Parish,LA,0,N/S,202401300600,05Z 01/30/24,00Z 02/02/24
Lincoln County,NE,0,N/S,202401300600,05Z 01/30/24,00Z 02/02/24
Cass County,TX,0,N/S,202401300600,05Z 01/30/24,00Z 02/02/24
Henry County,TN,0,N/S,202401300600,05Z 01/30/24,00Z 02/02/24
Winchester city,VA,0,N/S,202401300600,05Z 01/30/24,00Z 02/02/24
Duplin County,NC,0,N/S,202401300600,05Z 01/30/24,00Z 02/02/24
Haywood County,NC,1,LIMITED,202401300600,05Z 01/30/24,00Z 02/02/24
Dakota County,MN,1,LIMITED,202401300600,05Z 01/30/24,00Z 02/02/24
Harney County,OR,1,LIMITED,202401300600,05Z 01/30/24,00Z 02/02/24
Maunabo Municipio,PR,0,N/S,202401300600,05Z 01/30/24,00Z 02/02/24
Adams County,WI,1,LIMITED,202401300600,05Z 01/30/24,00Z 02/02/24
Clark County,MO,0,N/S,202401300600,05Z 01/30/24,00Z 02/02/24
Boone County,KY,0,N/S,202401300600,05Z 01/30/24,00Z 02/02/24
Washington County,KY,0,N/S,202401300600,05Z 01/30/24,00Z 02/02/24
Avoyelles Parish,LA,0,N/S,202401300600,05Z 01/30/24,00Z 02/02/24
Tate County,MS,0,N/S,202401300600,05Z 01/30/24,00Z 02/02/24
Worth County,MO,1,LIMITED,202401300600,05Z 01/30/24,00Z 02/02/24
Sherman County,NE,1,LIMITED,202401300600,05Z 01/30/24,00Z 02/02/24
Campbell County,SD,1,LIMITED,202401300600,05Z 01/30/24,00Z 02/02/24
Harding County,SD,0,N/S,202401300600,05Z 01/30/24,00Z 02/02/24
Gratiot County,MI,0,N/S,202401300600,05Z 01/30/24,00Z 02/02/24
Union County,IA,1,LIMITED,202401300600,05Z 01/30/24,00Z 02/02/24
Massac County,IL,0,N/S,202401300600,05Z 01/30/24,00Z 02/02/24
Logan County,NE,0,N/S,202401300600,05Z 01/30/24,00Z 02/02/24
Merrick County,NE,1,LIMITED,202401300600,05Z 01/30/24,00Z 02/02/24
Sheridan County,NE,0,N/S,202401300600,05Z 01/30/24,00Z 02/02/24
Carlisle County,KY,0,N/S,202401300600,05Z 01/30/24,00Z 02/02/24
Natrona County,WY,0,N/S,202401300600,05Z 01/30/24,00Z 02/02/24
Worth County,GA,0,N/S,202401300600,05Z 01/30/24,00Z 02/02/24
Morgan County,IN,0,N/S,202401300600,05Z 01/30/24,00Z 02/02/24
Ellis County,TX,0,N/S,202401300600,05Z 01/30/24,00Z 02/02/24
Pierce County,GA,0,N/S,202401300600,05Z 01/30/24,00Z 02/02/24
Eastern District,AS,0,N/S,202401300600,05Z 01/30/24,00Z 02/02/24
Grant County,IN,0,N/S,202401300600,05Z 01/30/24,00Z 02/02/24
Flagler County,FL,0,N/S,202401300600,05Z 01/30/24,00Z 02/02/24
Lawrence County,MS,0,N/S,202401300600,05Z 01/30/24,00Z 02/02/24
Winn Parish,LA,0,N/S,202401300600,05Z 01/30/24,00Z 02/02/24
Henry County,IL,1,LIMITED,202401300600,05Z 01/30/24,00Z 02/02/24
Lincoln County,OR,0,N/S,202401300600,05Z 01/30/24,00Z 02/02/24
York County,ME,0,N/S,202401300600,05Z 01/30/24,00Z 02/02/24
Codington County,SD,1,LIMITED,202401300600,05Z 01/30/24,00Z 02/02/24
Pike County,GA,0,N/S,202401300600,05Z 01/30/24,00Z 02/02/24
Stewart County,GA,0,N/S,202401300600,05Z 01/30/24,00Z 02/02/24
Monmouth County,NJ,0,N/S,202401300600,05Z 01/30/24,00Z 02/02/24
Clay County,AR,0,N/S,202401300600,05Z 01/30/24,00Z 02/02/24
Faulkner County,AR,0,N/S,202401300600,05Z 01/30/24,00Z 02/02/24
Delaware County,OK,0,N/S,202401300600,05Z 01/30/24,00Z 02/02/24
Keokuk County,IA,1,LIMITED,202401300600,05Z 01/30/24,00Z 02/02/24
Greene County,IL,0,N/S,202401300600,05Z 01/30/24,00Z 02/02/24
Lake County,MN,1,LIMITED,202401300600,05Z 01/30/24,00Z 02/02/24
Troup County,GA,0,N/S,202401300600,05Z 01/30/24,00Z 02/02/24
Humboldt County,CA,0,N/S,202401300600,05Z 01/30/24,00Z 02/02/24
Dickson County,TN,0,N/S,202401300600,05Z 01/30/24,00Z 02/02/24
Anoka County,MN,1,LIMITED,202401300600,05Z 01/30/24,00Z 02/02/24
Bon Homme County,SD,1,LIMITED,202401300600,05Z 01/30/24,00Z 02/02/24
Greene County,TN,0,N/S,202401300600,05Z 01/30/24,00Z 02/02/24
Sussex County,VA,0,N/S,202401300600,05Z 01/30/24,00Z 02/02/24
St. Joseph County,IN,0,N/S,202401300600,05Z 01/30/24,00Z 02/02/24
Pembina County,ND,1,LIMITED,202401300600,05Z 01/30/24,00Z 02/02/24
Bennett County,SD,0,N/S,202401300600,05Z 01/30/24,00Z 02/02/24
Vernon Parish,LA,0,N/S,202401300600,05Z 01/30/24,00Z 02/02/24
Penobscot County,ME,0,N/S,202401300600,05Z 01/30/24,00Z 02/02/24
Talbot County,MD,0,N/S,202401300600,05Z 01/30/24,00Z 02/02/24
Stephens County,GA,0,N/S,202401300600,05Z 01/30/24,00Z 02/02/24
Riverside County,CA,0,N/S,202401300600,05Z 01/30/24,00Z 02/02/24
Baxter County,AR,0,N/S,202401300600,05Z 01/30/24,00Z 02/02/24
Attala County,MS,0,N/S,202401300600,05Z 01/30/24,00Z 02/02/24
Story County,IA,1,LIMITED,202401300600,05Z 01/30/24,00Z 02/02/24
Bourbon County,KS,0,N/S,202401300600,05Z 01/30/24,00Z 02/02/24
Cumberland County,VA,0,N/S,202401300600,05Z 01/30/24,00Z 02/02/24
Sumter County,SC,0,N/S,202401300600,05Z 01/30/24,00Z 02/02/24
Lake and Peninsula Borough,AK,0,N/S,202401300600,05Z 01/30/24,00Z 02/02/24
Wyoming County,WV,1,LIMITED,202401300600,05Z 01/30/24,00Z 02/02/24
Kern County,CA,0,N/S,202401300600,05Z 01/30/24,00Z 02/02/24
Cooke County,TX,0,N/S,202401300600,05Z 01/30/24,00Z 02/02/24
Orangeburg County,SC,0,N/S,202401300600,05Z 01/30/24,00Z 02/02/24
Taylor County,WI,1,LIMITED,202401300600,05Z 01/30/24,00Z 02/02/24
Mower County,MN,1,LIMITED,202401300600,05Z 01/30/24,00Z 02/02/24
Murray County,MN,1,LIMITED,202401300600,05Z 01/30/24,00Z 02/02/24
Providence County,RI,0,N/S,202401300600,05Z 01/30/24,00Z 02/02/24
Phelps County,MO,0,N/S,202401300600,05Z 01/30/24,00Z 02/02/24
Prentiss County,MS,0,N/S,202401300600,05Z 01/30/24,00Z 02/02/24
Whitley County,KY,0,N/S,202401300600,05Z 01/30/24,00Z 02/02/24
Starke County,IN,0,N/S,202401300600,05Z 01/30/24,00Z 02/02/24
Williamson County,TX,0,N/S,202401300600,05Z 01/30/24,00Z 02/02/24
Patillas Municipio,PR,0,N/S,202401300600,05Z 01/30/24,00Z 02/02/24
Mitchell County,IA,1,LIMITED,202401300600,05Z 01/30/24,00Z 02/02/24
Emanuel County,GA,0,N/S,202401300600,05Z 01/30/24,00Z 02/02/24
Catahoula Parish,LA,0,N/S,202401300600,05Z 01/30/24,00Z 02/02/24
Carbon County,PA,1,LIMITED,202401300600,05Z 01/30/24,00Z 02/02/24
Pawnee County,NE,1,LIMITED,202401300600,05Z 01/30/24,00Z 02/02/24
Unicoi County,TN,1,LIMITED,202401300600,05Z 01/30/24,00Z 02/02/24
Spartanburg County,SC,0,N/S,202401300600,05Z 01/30/24,00Z 02/02/24
Marathon County,WI,1,LIMITED,202401300600,05Z 01/30/24,00Z 02/02/24
Elko County,NV,1,LIMITED,202401300600,05Z 01/30/24,00Z 02/02/24
Braxton County,WV,0,N/S,202401300600,05Z 01/30/24,00Z 02/02/24
Wexford County,MI,0,N/S,202401300600,05Z 01/30/24,00Z 02/02/24
Cochran County,TX,0,N/S,202401300600,05Z 01/30/24,00Z 02/02/24
Blair County,PA,1,LIMITED,202401300600,05Z 01/30/24,00Z 02/02/24
Hickory County,MO,0,N/S,202401300600,05Z 01/30/24,00Z 02/02/24
Barry County,MO,0,N/S,202401300600,05Z 01/30/24,00Z 02/02/24
Ramsey County,MN,1,LIMITED,202401300600,05Z 01/30/24,00Z 02/02/24
Little River County,AR,0,N/S,202401300600,05Z 01/30/24,00Z 02/02/24
Lyon County,NV,1,LIMITED,202401300600,05Z 01/30/24,00Z 02/02/24
Lee County,FL,0,N/S,202401300600,05Z 01/30/24,00Z 02/02/24
Josephine County,OR,0,N/S,202401300600,05Z 01/30/24,00Z 02/02/24
Manatí Municipio,PR,0,N/S,202401300600,05Z 01/30/24,00Z 02/02/24
Pike County,MS,0,N/S,202401300600,05Z 01/30/24,00Z 02/02/24
Coffee County,TN,0,N/S,202401300600,05Z 01/30/24,00Z 02/02/24
Lemhi County,ID,1,LIMITED,202401300600,05Z 01/30/24,00Z 02/02/24
Ohio County,KY,0,N/S,202401300600,05Z 01/30/24,00Z 02/02/24
Sarpy County,NE,1,LIMITED,202401300600,05Z 01/30/24,00Z 02/02/24
Colquitt County,GA,0,N/S,202401300600,05Z 01/30/24,00Z 02/02/24
Wilkin County,MN,1,LIMITED,202401300600,05Z 01/30/24,00Z 02/02/24
Randolph County,IL,0,N/S,202401300600,05Z 01/30/24,00Z 02/02/24
Kennebec County,ME,0,N/S,202401300600,05Z 01/30/24,00Z 02/02/24
Smyth County,VA,1,LIMITED,202401300600,05Z 01/30/24,00Z 02/02/24
Roosevelt County,NM,0,N/S,202401300600,05Z 01/30/24,00Z 02/02/24
Somerset County,PA,1,LIMITED,202401300600,05Z 01/30/24,00Z 02/02/24
Washington County,VA,1,LIMITED,202401300600,05Z 01/30/24,00Z 02/02/24
Guilford County,NC,0,N/S,202401300600,05Z 01/30/24,00Z 02/02/24
Ada County,ID,1,LIMITED,202401300600,05Z 01/30/24,00Z 02/02/24
Custer County,OK,0,N/S,202401300600,05Z 01/30/24,00Z 02/02/24
Marion County,OH,0,N/S,202401300600,05Z 01/30/24,00Z 02/02/24
Pike County,IL,0,N/S,202401300600,05Z 01/30/24,00Z 02/02/24
Woodford County,IL,1,LIMITED,202401300600,05Z 01/30/24,00Z 02/02/24
Richmond County,GA,0,N/S,202401300600,05Z 01/30/24,00Z 02/02/24
Pickens County,AL,0,N/S,202401300600,05Z 01/30/24,00Z 02/02/24
Ellis County,OK,0,N/S,202401300600,05Z 01/30/24,00Z 02/02/24
Perry County,IL,0,N/S,202401300600,05Z 01/30/24,00Z 02/02/24
Grundy County,IA,1,LIMITED,202401300600,05Z 01/30/24,00Z 02/02/24
Routt County,CO,2,MINOR,202401300600,05Z 01/30/24,00Z 02/02/24
Somerset County,NJ,0,N/S,202401300600,05Z 01/30/24,00Z 02/02/24
Colusa County,CA,0,N/S,202401300600,05Z 01/30/24,00Z 02/02/24
Johnson County,IL,0,N/S,202401300600,05Z 01/30/24,00Z 02/02/24
Hinsdale County,CO,2,MINOR,202401300600,05Z 01/30/24,00Z 02/02/24
Cassia County,ID,1,LIMITED,202401300600,05Z 01/30/24,00Z 02/02/24
Isanti County,MN,1,LIMITED,202401300600,05Z 01/30/24,00Z 02/02/24
Erie County,PA,0,N/S,202401300600,05Z 01/30/24,00Z 02/02/24
Copiah County,MS,0,N/S,202401300600,05Z 01/30/24,00Z 02/02/24
Van Zandt County,TX,0,N/S,202401300600,05Z 01/30/24,00Z 02/02/24
Roanoke County,VA,1,LIMITED,202401300600,05Z 01/30/24,00Z 02/02/24
Augusta County,VA,1,LIMITED,202401300600,05Z 01/30/24,00Z 02/02/24
Bristol Bay Borough,AK,0,N/S,202401300600,05Z 01/30/24,00Z 02/02/24
Piute County,UT,1,LIMITED,202401300600,05Z 01/30/24,00Z 02/02/24
Mason County,KY,1,LIMITED,202401300600,05Z 01/30/24,00Z 02/02/24
Benton County,MN,1,LIMITED,202401300600,05Z 01/30/24,00Z 02/02/24
Donley County,TX,0,N/S,202401300600,05Z 01/30/24,00Z 02/02/24
Bay County,FL,0,N/S,202401300600,05Z 01/30/24,00Z 02/02/24
Lauderdale County,AL,0,N/S,202401300600,05Z 01/30/24,00Z 02/02/24
Fountain County,IN,0,N/S,202401300600,05Z 01/30/24,00Z 02/02/24
Shelby County,IL,0,N/S,202401300600,05Z 01/30/24,00Z 02/02/24
Fayette County,IL,0,N/S,202401300600,05Z 01/30/24,00Z 02/02/24
Perry County,OH,1,LIMITED,202401300600,05Z 01/30/24,00Z 02/02/24
Danville city,VA,0,N/S,202401300600,05Z 01/30/24,00Z 02/02/24
Banks County,GA,0,N/S,202401300600,05Z 01/30/24,00Z 02/02/24
Wayne County,GA,0,N/S,202401300600,05Z 01/30/24,00Z 02/02/24
Oklahoma County,OK,0,N/S,202401300600,05Z 01/30/24,00Z 02/02/24
Johnston County,OK,0,N/S,202401300600,05Z 01/30/24,00Z 02/02/24
Jackson County,NC,1,LIMITED,202401300600,05Z 01/30/24,00Z 02/02/24
Summit County,UT,2,MINOR,202401300600,05Z 01/30/24,00Z 02/02/24
Polk County,MO,0,N/S,202401300600,05Z 01/30/24,00Z 02/02/24
Lander County,NV,1,LIMITED,202401300600,05Z 01/30/24,00Z 02/02/24
Winneshiek County,IA,1,LIMITED,202401300600,05Z 01/30/24,00Z 02/02/24
Bracken County,KY,0,N/S,202401300600,05Z 01/30/24,00Z 02/02/24
Florence County,WI,1,LIMITED,202401300600,05Z 01/30/24,00Z 02/02/24
Roane County,WV,0,N/S,202401300600,05Z 01/30/24,00Z 02/02/24
Wadena County,MN,1,LIMITED,202401300600,05Z 01/30/24,00Z 02/02/24
Hopewell city,VA,0,N/S,202401300600,05Z 01/30/24,00Z 02/02/24
Winnebago County,IL,0,N/S,202401300600,05Z 01/30/24,00Z 02/02/24
Gila County,AZ,0,N/S,202401300600,05Z 01/30/24,00Z 02/02/24
Wicomico County,MD,0,N/S,202401300600,05Z 01/30/24,00Z 02/02/24
Carter County,KY,0,N/S,202401300600,05Z 01/30/24,00Z 02/02/24
Iredell County,NC,0,N/S,202401300600,05Z 01/30/24,00Z 02/02/24
Halifax County,VA,0,N/S,202401300600,05Z 01/30/24,00Z 02/02/24
Hertford County,NC,0,N/S,202401300600,05Z 01/30/24,00Z 02/02/24
Montgomery County,NY,1,LIMITED,202401300600,05Z 01/30/24,00Z 02/02/24
Pennington County,MN,1,LIMITED,202401300600,05Z 01/30/24,00Z 02/02/24
Whatcom County,WA,1,LIMITED,202401300600,05Z 01/30/24,00Z 02/02/24
Gilliam County,OR,0,N/S,202401300600,05Z 01/30/24,00Z 02/02/24
Ocean County,NJ,0,N/S,202401300600,05Z 01/30/24,00Z 02/02/24
Boone County,AR,0,N/S,202401300600,05Z 01/30/24,00Z 02/02/24
Comanche County,OK,0,N/S,202401300600,05Z 01/30/24,00Z 02/02/24
Jones County,TX,0,N/S,202401300600,05Z 01/30/24,00Z 02/02/24
Grimes County,TX,0,N/S,202401300600,05Z 01/30/24,00Z 02/02/24
Genesee County,MI,0,N/S,202401300600,05Z 01/30/24,00Z 02/02/24
Assumption Parish,LA,0,N/S,202401300600,05Z 01/30/24,00Z 02/02/24
Calhoun County,MS,0,N/S,202401300600,05Z 01/30/24,00Z 02/02/24
Greene County,MS,0,N/S,202401300600,05Z 01/30/24,00Z 02/02/24
Custer County,MT,1,LIMITED,202401300600,05Z 01/30/24,00Z 02/02/24
Roberts County,SD,1,LIMITED,202401300600,05Z 01/30/24,00Z 02/02/24
Ogle County,IL,0,N/S,202401300600,05Z 01/30/24,00Z 02/02/24
Richland County,ND,1,LIMITED,202401300600,05Z 01/30/24,00Z 02/02/24
Barron County,WI,1,LIMITED,202401300600,05Z 01/30/24,00Z 02/02/24
Iron County,WI,1,LIMITED,202401300600,05Z 01/30/24,00Z 02/02/24
Wabasha County,MN,1,LIMITED,202401300600,05Z 01/30/24,00Z 02/02/24
Del Norte County,CA,0,N/S,202401300600,05Z 01/30/24,00Z 02/02/24
Pushmataha County,OK,0,N/S,202401300600,05Z 01/30/24,00Z 02/02/24
Chelan County,WA,1,LIMITED,202401300600,05Z 01/30/24,00Z 02/02/24
Presque Isle County,MI,1,LIMITED,202401300600,05Z 01/30/24,00Z 02/02/24
Cleveland County,OK,0,N/S,202401300600,05Z 01/30/24,00Z 02/02/24
Sullivan County,NY,1,LIMITED,202401300600,05Z 01/30/24,00Z 02/02/24
Polk County,NC,0,N/S,202401300600,05Z 01/30/24,00Z 02/02/24
Scotland County,NC,0,N/S,202401300600,05Z 01/30/24,00Z 02/02/24
Harnett County,NC,0,N/S,202401300600,05Z 01/30/24,00Z 02/02/24
Lee County,NC,0,N/S,202401300600,05Z 01/30/24,00Z 02/02/24
Tipton County,IN,0,N/S,202401300600,05Z 01/30/24,00Z 02/02/24
Clay County,KS,1,LIMITED,202401300600,05Z 01/30/24,00Z 02/02/24
Wagoner County,OK,0,N/S,202401300600,05Z 01/30/24,00Z 02/02/24
Richland County,MT,0,N/S,202401300600,05Z 01/30/24,00Z 02/02/24
Ashley County,AR,0,N/S,202401300600,05Z 01/30/24,00Z 02/02/24
Desha County,AR,0,N/S,202401300600,05Z 01/30/24,00Z 02/02/24
Vieques Municipio,PR,0,N/S,202401300600,05Z 01/30/24,00Z 02/02/24
Perry County,TN,0,N/S,202401300600,05Z 01/30/24,00Z 02/02/24
Washington County,MN,1,LIMITED,202401300600,05Z 01/30/24,00Z 02/02/24
Portsmouth city,VA,0,N/S,202401300600,05Z 01/30/24,00Z 02/02/24
Fayette County,PA,1,LIMITED,202401300600,05Z 01/30/24,00Z 02/02/24
Grant County,WV,1,LIMITED,202401300600,05Z 01/30/24,00Z 02/02/24
Shenandoah County,VA,1,LIMITED,202401300600,05Z 01/30/24,00Z 02/02/24
Irion County,TX,0,N/S,202401300600,05Z 01/30/24,00Z 02/02/24
Caldwell County,MO,1,LIMITED,202401300600,05Z 01/30/24,00Z 02/02/24
Putnam County,FL,0,N/S,202401300600,05Z 01/30/24,00Z 02/02/24
Crawford County,IN,1,LIMITED,202401300600,05Z 01/30/24,00Z 02/02/24
Lewis County,MO,0,N/S,202401300600,05Z 01/30/24,00Z 02/02/24
Grant County,NE,0,N/S,202401300600,05Z 01/30/24,00Z 02/02/24
Loíza Municipio,PR,0,N/S,202401300600,05Z 01/30/24,00Z 02/02/24
Oneida County,ID,1,LIMITED,202401300600,05Z 01/30/24,00Z 02/02/24
Moultrie County,IL,0,N/S,202401300600,05Z 01/30/24,00Z 02/02/24
Hopkins County,KY,0,N/S,202401300600,05Z 01/30/24,00Z 02/02/24
Clearwater County,ID,0,N/S,202401300600,05Z 01/30/24,00Z 02/02/24
Bell County,KY,1,LIMITED,202401300600,05Z 01/30/24,00Z 02/02/24
Crow Wing County,MN,1,LIMITED,202401300600,05Z 01/30/24,00Z 02/02/24
Western District,AS,0,N/S,202401300600,05Z 01/30/24,00Z 02/02/24
Añasco Municipio,PR,0,N/S,202401300600,05Z 01/30/24,00Z 02/02/24
Graham County,AZ,0,N/S,202401300600,05Z 01/30/24,00Z 02/02/24
St. Francis County,AR,0,N/S,202401300600,05Z 01/30/24,00Z 02/02/24
Echols County,GA,0,N/S,202401300600,05Z 01/30/24,00Z 02/02/24
Dillingham Census Area,AK,0,N/S,202401300600,05Z 01/30/24,00Z 02/02/24
Lincoln County,KS,0,N/S,202401300600,05Z 01/30/24,00Z 02/02/24
Smith County,KS,1,LIMITED,202401300600,05Z 01/30/24,00Z 02/02/24
Jefferson County,FL,0,N/S,202401300600,05Z 01/30/24,00Z 02/02/24
Cidra Municipio,PR,0,N/S,202401300600,05Z 01/30/24,00Z 02/02/24
Amite County,MS,0,N/S,202401300600,05Z 01/30/24,00Z 02/02/24
Montgomery County,AR,0,N/S,202401300600,05Z 01/30/24,00Z 02/02/24
Calhoun County,MI,0,N/S,202401300600,05Z 01/30/24,00Z 02/02/24
Cleburne County,AL,0,N/S,202401300600,05Z 01/30/24,00Z 02/02/24
Weld County,CO,0,N/S,202401300600,05Z 01/30/24,00Z 02/02/24
Beckham County,OK,0,N/S,202401300600,05Z 01/30/24,00Z 02/02/24
Modoc County,CA,1,LIMITED,202401300600,05Z 01/30/24,00Z 02/02/24
Polk County,IA,1,LIMITED,202401300600,05Z 01/30/24,00Z 02/02/24
Liberty County,GA,0,N/S,202401300600,05Z 01/30/24,00Z 02/02/24
Navarro County,TX,0,N/S,202401300600,05Z 01/30/24,00Z 02/02/24
Brooks County,TX,0,N/S,202401300600,05Z 01/30/24,00Z 02/02/24
Williamson County,TN,0,N/S,202401300600,05Z 01/30/24,00Z 02/02/24
Laramie County,WY,0,N/S,202401300600,05Z 01/30/24,00Z 02/02/24
Asotin County,WA,0,N/S,202401300600,05Z 01/30/24,00Z 02/02/24
Traverse County,MN,1,LIMITED,202401300600,05Z 01/30/24,00Z 02/02/24
Cass County,IL,0,N/S,202401300600,05Z 01/30/24,00Z 02/02/24
Rockdale County,GA,0,N/S,202401300600,05Z 01/30/24,00Z 02/02/24
Juniata County,PA,0,N/S,202401300600,05Z 01/30/24,00Z 02/02/24
McKean County,PA,1,LIMITED,202401300600,05Z 01/30/24,00Z 02/02/24
Garvin County,OK,0,N/S,202401300600,05Z 01/30/24,00Z 02/02/24
Burt County,NE,1,LIMITED,202401300600,05Z 01/30/24,00Z 02/02/24
San Juan County,NM,0,N/S,202401300600,05Z 01/30/24,00Z 02/02/24
Orleans County,NY,0,N/S,202401300600,05Z 01/30/24,00Z 02/02/24
De Soto Parish,LA,0,N/S,202401300600,05Z 01/30/24,00Z 02/02/24
Fresno County,CA,0,N/S,202401300600,05Z 01/30/24,00Z 02/02/24
Elbert County,GA,0,N/S,202401300600,05Z 01/30/24,00Z 02/02/24
Barbour County,AL,0,N/S,202401300600,05Z 01/30/24,00Z 02/02/24
Bladen County,NC,0,N/S,202401300600,05Z 01/30/24,00Z 02/02/24
Dallam County,TX,0,N/S,202401300600,05Z 01/30/24,00Z 02/02/24
Sangamon County,IL,0,N/S,202401300600,05Z 01/30/24,00Z 02/02/24
Craig County,OK,0,N/S,202401300600,05Z 01/30/24,00Z 02/02/24
Cumberland County,TN,0,N/S,202401300600,05Z 01/30/24,00Z 02/02/24
Otsego County,MI,0,N/S,202401300600,05Z 01/30/24,00Z 02/02/24
Sac County,IA,1,LIMITED,202401300600,05Z 01/30/24,00Z 02/02/24
Emery County,UT,0,N/S,202401300600,05Z 01/30/24,00Z 02/02/24
Ferry County,WA,0,N/S,202401300600,05Z 01/30/24,00Z 02/02/24
Wibaux County,MT,0,N/S,202401300600,05Z 01/30/24,00Z 02/02/24
Lincoln County,NM,0,N/S,202401300600,05Z 01/30/24,00Z 02/02/24
Cherokee County,OK,0,N/S,202401300600,05Z 01/30/24,00Z 02/02/24
Yellow Medicine County,MN,1,LIMITED,202401300600,05Z 01/30/24,00Z 02/02/24
Hunt County,TX,0,N/S,202401300600,05Z 01/30/24,00Z 02/02/24
Mitchell County,TX,0,N/S,202401300600,05Z 01/30/24,00Z 02/02/24
Wood County,TX,0,N/S,202401300600,05Z 01/30/24,00Z 02/02/24
Osage County,OK,0,N/S,202401300600,05Z 01/30/24,00Z 02/02/24
Cherokee County,NC,0,N/S,202401300600,05Z 01/30/24,00Z 02/02/24
Mecosta County,MI,0,N/S,202401300600,05Z 01/30/24,00Z 02/02/24
Pike County,KY,0,N/S,202401300600,05Z 01/30/24,00Z 02/02/24
Lafayette County,FL,0,N/S,202401300600,05Z 01/30/24,00Z 02/02/24
Catawba County,NC,0,N/S,202401300600,05Z 01/30/24,00Z 02/02/24
Breathitt County,KY,0,N/S,202401300600,05Z 01/30/24,00Z 02/02/24
Childress County,TX,0,N/S,202401300600,05Z 01/30/24,00Z 02/02/24
Ripley County,MO,0,N/S,202401300600,05Z 01/30/24,00Z 02/02/24
Tazewell County,IL,0,N/S,202401300600,05Z 01/30/24,00Z 02/02/24
Jeff Davis County,TX,0,N/S,202401300600,05Z 01/30/24,00Z 02/02/24
Lexington city,VA,1,LIMITED,202401300600,05Z 01/30/24,00Z 02/02/24
Sharp County,AR,0,N/S,202401300600,05Z 01/30/24,00Z 02/02/24
Larimer County,CO,0,N/S,202401300600,05Z 01/30/24,00Z 02/02/24
Tyrrell County,NC,0,N/S,202401300600,05Z 01/30/24,00Z 02/02/24
Rice County,MN,1,LIMITED,202401300600,05Z 01/30/24,00Z 02/02/24
Warren County,MO,0,N/S,202401300600,05Z 01/30/24,00Z 02/02/24
Warren County,KY,0,N/S,202401300600,05Z 01/30/24,00Z 02/02/24
Caddo Parish,LA,0,N/S,202401300600,05Z 01/30/24,00Z 02/02/24
Todd County,SD,1,LIMITED,202401300600,05Z 01/30/24,00Z 02/02/24
Marshall County,IA,1,LIMITED,202401300600,05Z 01/30/24,00Z 02/02/24
Tillman County,OK,0,N/S,202401300600,05Z 01/30/24,00Z 02/02/24
Macon County,NC,1,LIMITED,202401300600,05Z 01/30/24,00Z 02/02/24
Monroe County,WV,1,LIMITED,202401300600,05Z 01/30/24,00Z 02/02/24
Switzerland County,IN,0,N/S,202401300600,05Z 01/30/24,00Z 02/02/24
Hickman County,KY,0,N/S,202401300600,05Z 01/30/24,00Z 02/02/24
Geneva County,AL,0,N/S,202401300600,05Z 01/30/24,00Z 02/02/24
LaSalle County,IL,0,N/S,202401300600,05Z 01/30/24,00Z 02/02/24
Delaware County,IA,1,LIMITED,202401300600,05Z 01/30/24,00Z 02/02/24
Morris County,KS,1,LIMITED,202401300600,05Z 01/30/24,00Z 02/02/24
Davis County,IA,1,LIMITED,202401300600,05Z 01/30/24,00Z 02/02/24
Boise County,ID,1,LIMITED,202401300600,05Z 01/30/24,00Z 02/02/24
Monroe County,WI,1,LIMITED,202401300600,05Z 01/30/24,00Z 02/02/24
Perquimans County,NC,0,N/S,202401300600,05Z 01/30/24,00Z 02/02/24
Hamilton County,FL,0,N/S,202401300600,05Z 01/30/24,00Z 02/02/24
Matanuska-Susitna Borough,AK,0,N/S,202401300600,05Z 01/30/24,00Z 02/02/24
Delaware County,IN,0,N/S,202401300600,05Z 01/30/24,00Z 02/02/24
Levy County,FL,0,N/S,202401300600,05Z 01/30/24,00Z 02/02/24
Gurabo Municipio,PR,0,N/S,202401300600,05Z 01/30/24,00Z 02/02/24
Hatillo Municipio,PR,0,N/S,202401300600,05Z 01/30/24,00Z 02/02/24
Hancock County,MS,0,N/S,202401300600,05Z 01/30/24,00Z 02/02/24
Wilcox County,GA,0,N/S,202401300600,05Z 01/30/24,00Z 02/02/24
Red River Parish,LA,0,N/S,202401300600,05Z 01/30/24,00Z 02/02/24
Knox County,TN,0,N/S,202401300600,05Z 01/30/24,00Z 02/02/24
Oxford County,ME,0,N/S,202401300600,05Z 01/30/24,00Z 02/02/24
Jackson County,MO,1,LIMITED,202401300600,05Z 01/30/24,00Z 02/02/24
Towns County,GA,1,LIMITED,202401300600,05Z 01/30/24,00Z 02/02/24
Smith County,MS,0,N/S,202401300600,05Z 01/30/24,00Z 02/02/24
Payette County,ID,1,LIMITED,202401300600,05Z 01/30/24,00Z 02/02/24
Shoshone County,ID,0,N/S,202401300600,05Z 01/30/24,00Z 02/02/24
Hyde County,NC,0,N/S,202401300600,05Z 01/30/24,00Z 02/02/24
Floyd County,IA,1,LIMITED,202401300600,05Z 01/30/24,00Z 02/02/24
McCracken County,KY,0,N/S,202401300600,05Z 01/30/24,00Z 02/02/24
Union County,KY,0,N/S,202401300600,05Z 01/30/24,00Z 02/02/24
Turner County,SD,1,LIMITED,202401300600,05Z 01/30/24,00Z 02/02/24
Cocke County,TN,1,LIMITED,202401300600,05Z 01/30/24,00Z 02/02/24
Hancock County,TN,0,N/S,202401300600,05Z 01/30/24,00Z 02/02/24
Hardin County,TN,0,N/S,202401300600,05Z 01/30/24,00Z 02/02/24
Marion County,SC,0,N/S,202401300600,05Z 01/30/24,00Z 02/02/24
Guayama Municipio,PR,0,N/S,202401300600,05Z 01/30/24,00Z 02/02/24
Washington Parish,LA,0,N/S,202401300600,05Z 01/30/24,00Z 02/02/24
Stoddard County,MO,0,N/S,202401300600,05Z 01/30/24,00Z 02/02/24
Dooly County,GA,0,N/S,202401300600,05Z 01/30/24,00Z 02/02/24
Stearns County,MN,1,LIMITED,202401300600,05Z 01/30/24,00Z 02/02/24
Saunders County,NE,1,LIMITED,202401300600,05Z 01/30/24,00Z 02/02/24
Sherburne County,MN,1,LIMITED,202401300600,05Z 01/30/24,00Z 02/02/24
Davison County,SD,1,LIMITED,202401300600,05Z 01/30/24,00Z 02/02/24
Claiborne County,TN,0,N/S,202401300600,05Z 01/30/24,00Z 02/02/24
Montague County,TX,0,N/S,202401300600,05Z 01/30/24,00Z 02/02/24
Brown County,TX,0,N/S,202401300600,05Z 01/30/24,00Z 02/02/24
Racine County,WI,0,N/S,202401300600,05Z 01/30/24,00Z 02/02/24
Shawano County,WI,1,LIMITED,202401300600,05Z 01/30/24,00Z 02/02/24
Audubon County,IA,1,LIMITED,202401300600,05Z 01/30/24,00Z 02/02/24
Haskell County,TX,0,N/S,202401300600,05Z 01/30/24,00Z 02/02/24
Logan County,OK,0,N/S,202401300600,05Z 01/30/24,00Z 02/02/24
Oneida County,NY,1,LIMITED,202401300600,05Z 01/30/24,00Z 02/02/24
Lake County,CO,2,MINOR,202401300600,05Z 01/30/24,00Z 02/02/24
Pittsburg County,OK,0,N/S,202401300600,05Z 01/30/24,00Z 02/02/24
Doddridge County,WV,0,N/S,202401300600,05Z 01/30/24,00Z 02/02/24
Wirt County,WV,0,N/S,202401300600,05Z 01/30/24,00Z 02/02/24
Carroll County,NH,0,N/S,202401300600,05Z 01/30/24,00Z 02/02/24
Tyler County,WV,0,N/S,202401300600,05Z 01/30/24,00Z 02/02/24
Northern Islands Municipality,MP,0,N/S,202401300600,05Z 01/30/24,00Z 02/02/24
Le Sueur County,MN,1,LIMITED,202401300600,05Z 01/30/24,00Z 02/02/24
Douglas County,WA,0,N/S,202401300600,05Z 01/30/24,00Z 02/02/24
Cattaraugus County,NY,1,LIMITED,202401300600,05Z 01/30/24,00Z 02/02/24
Dodge County,WI,1,LIMITED,202401300600,05Z 01/30/24,00Z 02/02/24
Jones County,IA,1,LIMITED,202401300600,05Z 01/30/24,00Z 02/02/24
Barber County,KS,0,N/S,202401300600,05Z 01/30/24,00Z 02/02/24
Pulaski County,MO,0,N/S,202401300600,05Z 01/30/24,00Z 02/02/24
Dale County,AL,0,N/S,202401300600,05Z 01/30/24,00Z 02/02/24
Logan County,KS,0,N/S,202401300600,05Z 01/30/24,00Z 02/02/24
Madera County,CA,0,N/S,202401300600,05Z 01/30/24,00Z 02/02/24
Gentry County,MO,1,LIMITED,202401300600,05Z 01/30/24,00Z 02/02/24
Blaine County,NE,1,LIMITED,202401300600,05Z 01/30/24,00Z 02/02/24
Daggett County,UT,1,LIMITED,202401300600,05Z 01/30/24,00Z 02/02/24
Platte County,WY,0,N/S,202401300600,05Z 01/30/24,00Z 02/02/24
Gaston County,NC,0,N/S,202401300600,05Z 01/30/24,00Z 02/02/24
Guadalupe County,NM,0,N/S,202401300600,05Z 01/30/24,00Z 02/02/24
Golden Valley County,MT,0,N/S,202401300600,05Z 01/30/24,00Z 02/02/24
Johnston County,NC,0,N/S,202401300600,05Z 01/30/24,00Z 02/02/24
Santa Clara County,CA,0,N/S,202401300600,05Z 01/30/24,00Z 02/02/24
Charleston County,SC,0,N/S,202401300600,05Z 01/30/24,00Z 02/02/24
Benton County,WA,0,N/S,202401300600,05Z 01/30/24,00Z 02/02/24
Adair County,MO,1,LIMITED,202401300600,05Z 01/30/24,00Z 02/02/24
Erie County,OH,1,LIMITED,202401300600,05Z 01/30/24,00Z 02/02/24
Vermilion County,IL,0,N/S,202401300600,05Z 01/30/24,00Z 02/02/24
St. Louis County,MO,0,N/S,202401300600,05Z 01/30/24,00Z 02/02/24
Boone County,IL,0,N/S,202401300600,05Z 01/30/24,00Z 02/02/24
Tehama County,CA,0,N/S,202401300600,05Z 01/30/24,00Z 02/02/24
Dane County,WI,1,LIMITED,202401300600,05Z 01/30/24,00Z 02/02/24
Fisher County,TX,0,N/S,202401300600,05Z 01/30/24,00Z 02/02/24
Sabine Parish,LA,0,N/S,202401300600,05Z 01/30/24,00Z 02/02/24
Morgan County,IL,0,N/S,202401300600,05Z 01/30/24,00Z 02/02/24
Pulaski County,GA,0,N/S,202401300600,05Z 01/30/24,00Z 02/02/24
Bertie County,NC,0,N/S,202401300600,05Z 01/30/24,00Z 02/02/24
Stanly County,NC,0,N/S,202401300600,05Z 01/30/24,00Z 02/02/24
Rhea County,TN,0,N/S,202401300600,05Z 01/30/24,00Z 02/02/24
Greene County,NC,0,N/S,202401300600,05Z 01/30/24,00Z 02/02/24
Leslie County,KY,0,N/S,202401300600,05Z 01/30/24,00Z 02/02/24
Somerset County,MD,0,N/S,202401300600,05Z 01/30/24,00Z 02/02/24
Marshall County,IL,1,LIMITED,202401300600,05Z 01/30/24,00Z 02/02/24
Lyon County,KY,0,N/S,202401300600,05Z 01/30/24,00Z 02/02/24
Concho County,TX,0,N/S,202401300600,05Z 01/30/24,00Z 02/02/24
Coke County,TX,0,N/S,202401300600,05Z 01/30/24,00Z 02/02/24
Overton County,TN,0,N/S,202401300600,05Z 01/30/24,00Z 02/02/24
Huron County,MI,0,N/S,202401300600,05Z 01/30/24,00Z 02/02/24
Iosco County,MI,1,LIMITED,202401300600,05Z 01/30/24,00Z 02/02/24
Coffee County,GA,0,N/S,202401300600,05Z 01/30/24,00Z 02/02/24
Ware County,GA,0,N/S,202401300600,05Z 01/30/24,00Z 02/02/24
Grant County,ND,1,LIMITED,202401300600,05Z 01/30/24,00Z 02/02/24
Jefferson Parish,LA,0,N/S,202401300600,05Z 01/30/24,00Z 02/02/24
St. Tammany Parish,LA,0,N/S,202401300600,05Z 01/30/24,00Z 02/02/24
Hardin County,IA,1,LIMITED,202401300600,05Z 01/30/24,00Z 02/02/24
Cameron Parish,LA,0,N/S,202401300600,05Z 01/30/24,00Z 02/02/24
Clinton County,OH,0,N/S,202401300600,05Z 01/30/24,00Z 02/02/24
St. Louis County,MN,1,LIMITED,202401300600,05Z 01/30/24,00Z 02/02/24
Lorain County,OH,0,N/S,202401300600,05Z 01/30/24,00Z 02/02/24
Vega Alta Municipio,PR,0,N/S,202401300600,05Z 01/30/24,00Z 02/02/24
Boone County,IA,1,LIMITED,202401300600,05Z 01/30/24,00Z 02/02/24
Polk County,TX,0,N/S,202401300600,05Z 01/30/24,00Z 02/02/24
Dixon County,NE,1,LIMITED,202401300600,05Z 01/30/24,00Z 02/02/24
Harford County,MD,0,N/S,202401300600,05Z 01/30/24,00Z 02/02/24
Edgefield County,SC,0,N/S,202401300600,05Z 01/30/24,00Z 02/02/24
Accomack County,VA,0,N/S,202401300600,05Z 01/30/24,00Z 02/02/24
Calumet County,WI,1,LIMITED,202401300600,05Z 01/30/24,00Z 02/02/24
Knox County,KY,0,N/S,202401300600,05Z 01/30/24,00Z 02/02/24
Ionia County,MI,0,N/S,202401300600,05Z 01/30/24,00Z 02/02/24
New Hanover County,NC,0,N/S,202401300600,05Z 01/30/24,00Z 02/02/24
Obion County,TN,0,N/S,202401300600,05Z 01/30/24,00Z 02/02/24
Calloway County,KY,0,N/S,202401300600,05Z 01/30/24,00Z 02/02/24
Albemarle County,VA,0,N/S,202401300600,05Z 01/30/24,00Z 02/02/24
Robertson County,TN,0,N/S,202401300600,05Z 01/30/24,00Z 02/02/24
Clarke County,VA,0,N/S,202401300600,05Z 01/30/24,00Z 02/02/24
Garfield County,WA,0,N/S,202401300600,05Z 01/30/24,00Z 02/02/24
Jackson County,KY,0,N/S,202401300600,05Z 01/30/24,00Z 02/02/24
Cook County,MN,0,N/S,202401300600,05Z 01/30/24,00Z 02/02/24
Oconee County,SC,0,N/S,202401300600,05Z 01/30/24,00Z 02/02/24
East Baton Rouge Parish,LA,0,N/S,202401300600,05Z 01/30/24,00Z 02/02/24
Claiborne County,MS,0,N/S,202401300600,05Z 01/30/24,00Z 02/02/24
St. Mary's County,MD,0,N/S,202401300600,05Z 01/30/24,00Z 02/02/24
Kent County,MI,0,N/S,202401300600,05Z 01/30/24,00Z 02/02/24
Pitt County,NC,0,N/S,202401300600,05Z 01/30/24,00Z 02/02/24
Carbon County,MT,0,N/S,202401300600,05Z 01/30/24,00Z 02/02/24
Stanton County,NE,1,LIMITED,202401300600,05Z 01/30/24,00Z 02/02/24
Appling County,GA,0,N/S,202401300600,05Z 01/30/24,00Z 02/02/24
Jasper County,IA,1,LIMITED,202401300600,05Z 01/30/24,00Z 02/02/24
Wayne County,MS,0,N/S,202401300600,05Z 01/30/24,00Z 02/02/24
Cottle County,TX,0,N/S,202401300600,05Z 01/30/24,00Z 02/02/24
Greensville County,VA,0,N/S,202401300600,05Z 01/30/24,00Z 02/02/24
Polk County,FL,0,N/S,202401300600,05Z 01/30/24,00Z 02/02/24
Young County,TX,0,N/S,202401300600,05Z 01/30/24,00Z 02/02/24
Tallapoosa County,AL,0,N/S,202401300600,05Z 01/30/24,00Z 02/02/24
Rockingham County,NH,0,N/S,202401300600,05Z 01/30/24,00Z 02/02/24
Rio Grande County,CO,2,MINOR,202401300600,05Z 01/30/24,00Z 02/02/24
Plymouth County,IA,1,LIMITED,202401300600,05Z 01/30/24,00Z 02/02/24
Yates County,NY,1,LIMITED,202401300600,05Z 01/30/24,00Z 02/02/24
King County,WA,0,N/S,202401300600,05Z 01/30/24,00Z 02/02/24
Deschutes County,OR,0,N/S,202401300600,05Z 01/30/24,00Z 02/02/24
Pottawattamie County,IA,1,LIMITED,202401300600,05Z 01/30/24,00Z 02/02/24
Wright County,MO,0,N/S,202401300600,05Z 01/30/24,00Z 02/02/24
Toole County,MT,0,N/S,202401300600,05Z 01/30/24,00Z 02/02/24
Tioga County,NY,1,LIMITED,202401300600,05Z 01/30/24,00Z 02/02/24
Lee County,TX,0,N/S,202401300600,05Z 01/30/24,00Z 02/02/24
Fulton County,GA,0,N/S,202401300600,05Z 01/30/24,00Z 02/02/24
Cherokee County,TX,0,N/S,202401300600,05Z 01/30/24,00Z 02/02/24
Audrain County,MO,0,N/S,202401300600,05Z 01/30/24,00Z 02/02/24
Colleton County,SC,0,N/S,202401300600,05Z 01/30/24,00Z 02/02/24
Jefferson County,WI,1,LIMITED,202401300600,05Z 01/30/24,00Z 02/02/24
Greene County,AR,0,N/S,202401300600,05Z 01/30/24,00Z 02/02/24
Hall County,TX,0,N/S,202401300600,05Z 01/30/24,00Z 02/02/24
Burnett County,WI,1,LIMITED,202401300600,05Z 01/30/24,00Z 02/02/24
Torrance County,NM,0,N/S,202401300600,05Z 01/30/24,00Z 02/02/24
Pacific County,WA,0,N/S,202401300600,05Z 01/30/24,00Z 02/02/24
Pender County,NC,0,N/S,202401300600,05Z 01/30/24,00Z 02/02/24
Hood County,TX,0,N/S,202401300600,05Z 01/30/24,00Z 02/02/24
Stanley County,SD,1,LIMITED,202401300600,05Z 01/30/24,00Z 02/02/24
Washoe County,NV,1,LIMITED,202401300600,05Z 01/30/24,00Z 02/02/24
Ballard County,KY,0,N/S,202401300600,05Z 01/30/24,00Z 02/02/24
Archer County,TX,0,N/S,202401300600,05Z 01/30/24,00Z 02/02/24
Baylor County,TX,0,N/S,202401300600,05Z 01/30/24,00Z 02/02/24
San Augustine County,TX,0,N/S,202401300600,05Z 01/30/24,00Z 02/02/24
Storey County,NV,1,LIMITED,202401300600,05Z 01/30/24,00Z 02/02/24
Schley County,GA,0,N/S,202401300600,05Z 01/30/24,00Z 02/02/24
Madison County,TX,0,N/S,202401300600,05Z 01/30/24,00Z 02/02/24
San Joaquin County,CA,0,N/S,202401300600,05Z 01/30/24,00Z 02/02/24
Winston County,MS,0,N/S,202401300600,05Z 01/30/24,00Z 02/02/24
Henry County,KY,0,N/S,202401300600,05Z 01/30/24,00Z 02/02/24
Mercer County,KY,0,N/S,202401300600,05Z 01/30/24,00Z 02/02/24
Wheeler County,NE,1,LIMITED,202401300600,05Z 01/30/24,00Z 02/02/24
Lewis County,KY,0,N/S,202401300600,05Z 01/30/24,00Z 02/02/24
Grant County,MN,1,LIMITED,202401300600,05Z 01/30/24,00Z 02/02/24
Humphreys County,MS,0,N/S,202401300600,05Z 01/30/24,00Z 02/02/24
Clarke County,AL,0,N/S,202401300600,05Z 01/30/24,00Z 02/02/24
Chase County,KS,0,N/S,202401300600,05Z 01/30/24,00Z 02/02/24
Trigg County,KY,0,N/S,202401300600,05Z 01/30/24,00Z 02/02/24
Houston County,AL,0,N/S,202401300600,05Z 01/30/24,00Z 02/02/24
Aurora County,SD,1,LIMITED,202401300600,05Z 01/30/24,00Z 02/02/24
Aleutians East Borough,AK,0,N/S,202401300600,05Z 01/30/24,00Z 02/02/24
Franklin County,NE,1,LIMITED,202401300600,05Z 01/30/24,00Z 02/02/24
Kent County,MD,0,N/S,202401300600,05Z 01/30/24,00Z 02/02/24
Crawford County,KS,0,N/S,202401300600,05Z 01/30/24,00Z 02/02/24
Chippewa County,MN,1,LIMITED,202401300600,05Z 01/30/24,00Z 02/02/24
Pennington County,SD,1,LIMITED,202401300600,05Z 01/30/24,00Z 02/02/24
Hampton County,SC,0,N/S,202401300600,05Z 01/30/24,00Z 02/02/24
Fremont County,ID,2,MINOR,202401300600,05Z 01/30/24,00Z 02/02/24
Bryan County,GA,0,N/S,202401300600,05Z 01/30/24,00Z 02/02/24
Dinwiddie County,VA,0,N/S,202401300600,05Z 01/30/24,00Z 02/02/24
St. Lucie County,FL,0,N/S,202401300600,05Z 01/30/24,00Z 02/02/24
Monroe County,NY,0,N/S,202401300600,05Z 01/30/24,00Z 02/02/24
Lincoln County,SD,1,LIMITED,202401300600,05Z 01/30/24,00Z 02/02/24
Chippewa County,WI,1,LIMITED,202401300600,05Z 01/30/24,00Z 02/02/24
Woodson County,KS,0,N/S,202401300600,05Z 01/30/24,00Z 02/02/24
Marshall County,KY,0,N/S,202401300600,05Z 01/30/24,00Z 02/02/24
Clinch County,GA,0,N/S,202401300600,05Z 01/30/24,00Z 02/02/24
Lowndes County,GA,0,N/S,202401300600,05Z 01/30/24,00Z 02/02/24
Kalawao County,HI,0,N/S,202401300600,05Z 01/30/24,00Z 02/02/24
Kauai County,HI,0,N/S,202401300600,05Z 01/30/24,00Z 02/02/24
Macomb County,MI,0,N/S,202401300600,05Z 01/30/24,00Z 02/02/24
Turner County,GA,0,N/S,202401300600,05Z 01/30/24,00Z 02/02/24
Jasper County,IL,0,N/S,202401300600,05Z 01/30/24,00Z 02/02/24
Milam County,TX,0,N/S,202401300600,05Z 01/30/24,00Z 02/02/24
Spencer County,IN,1,LIMITED,202401300600,05Z 01/30/24,00Z 02/02/24
Hart County,KY,0,N/S,202401300600,05Z 01/30/24,00Z 02/02/24
Lincoln County,KY,0,N/S,202401300600,05Z 01/30/24,00Z 02/02/24
Blaine County,MT,0,N/S,202401300600,05Z 01/30/24,00Z 02/02/24
Norfolk city,VA,0,N/S,202401300600,05Z 01/30/24,00Z 02/02/24
Reeves County,TX,0,N/S,202401300600,05Z 01/30/24,00Z 02/02/24
Pulaski County,VA,1,LIMITED,202401300600,05Z 01/30/24,00Z 02/02/24
Union County,NC,0,N/S,202401300600,05Z 01/30/24,00Z 02/02/24
McKenzie County,ND,0,N/S,202401300600,05Z 01/30/24,00Z 02/02/24
Okaloosa County,FL,0,N/S,202401300600,05Z 01/30/24,00Z 02/02/24
Alameda County,CA,0,N/S,202401300600,05Z 01/30/24,00Z 02/02/24
Calhoun County,IL,0,N/S,202401300600,05Z 01/30/24,00Z 02/02/24
Kosciusko County,IN,0,N/S,202401300600,05Z 01/30/24,00Z 02/02/24
Noxubee County,MS,0,N/S,202401300600,05Z 01/30/24,00Z 02/02/24
Woodruff County,AR,0,N/S,202401300600,05Z 01/30/24,00Z 02/02/24
Gloucester County,NJ,0,N/S,202401300600,05Z 01/30/24,00Z 02/02/24
Hillsborough County,NH,0,N/S,202401300600,05Z 01/30/24,00Z 02/02/24
Judith Basin County,MT,0,N/S,202401300600,05Z 01/30/24,00Z 02/02/24
Mitchell County,NC,2,MINOR,202401300600,05Z 01/30/24,00Z 02/02/24
Powell County,MT,1,LIMITED,202401300600,05Z 01/30/24,00Z 02/02/24
Polk County,OR,0,N/S,202401300600,05Z 01/30/24,00Z 02/02/24
Wasco County,OR,0,N/S,202401300600,05Z 01/30/24,00Z 02/02/24
Perkins County,SD,0,N/S,202401300600,05Z 01/30/24,00Z 02/02/24
Taylor County,IA,1,LIMITED,202401300600,05Z 01/30/24,00Z 02/02/24
Washington County,AL,0,N/S,202401300600,05Z 01/30/24,00Z 02/02/24
Defiance County,OH,0,N/S,202401300600,05Z 01/30/24,00Z 02/02/24
Greenbrier County,WV,1,LIMITED,202401300600,05Z 01/30/24,00Z 02/02/24
Marion County,IL,0,N/S,202401300600,05Z 01/30/24,00Z 02/02/24
Dickenson County,VA,1,LIMITED,202401300600,05Z 01/30/24,00Z 02/02/24
Amelia County,VA,0,N/S,202401300600,05Z 01/30/24,00Z 02/02/24
Randolph County,GA,0,N/S,202401300600,05Z 01/30/24,00Z 02/02/24
Luna County,NM,0,N/S,202401300600,05Z 01/30/24,00Z 02/02/24
Nueces County,TX,0,N/S,202401300600,05Z 01/30/24,00Z 02/02/24
Weston County,WY,0,N/S,202401300600,05Z 01/30/24,00Z 02/02/24
Toa Baja Municipio,PR,0,N/S,202401300600,05Z 01/30/24,00Z 02/02/24
Warren County,IL,0,N/S,202401300600,05Z 01/30/24,00Z 02/02/24
Madison County,AL,0,N/S,202401300600,05Z 01/30/24,00Z 02/02/24
Wilson County,TN,0,N/S,202401300600,05Z 01/30/24,00Z 02/02/24
Camp County,TX,0,N/S,202401300600,05Z 01/30/24,00Z 02/02/24
Jefferson County,OK,0,N/S,202401300600,05Z 01/30/24,00Z 02/02/24
Ritchie County,WV,0,N/S,202401300600,05Z 01/30/24,00Z 02/02/24
Page County,IA,1,LIMITED,202401300600,05Z 01/30/24,00Z 02/02/24
Jefferson County,KS,1,LIMITED,202401300600,05Z 01/30/24,00Z 02/02/24
Iberia Parish,LA,0,N/S,202401300600,05Z 01/30/24,00Z 02/02/24
Kusilvak Census Area,AK,0,N/S,202401300600,05Z 01/30/24,00Z 02/02/24
Onslow County,NC,0,N/S,202401300600,05Z 01/30/24,00Z 02/02/24
Faribault County,MN,1,LIMITED,202401300600,05Z 01/30/24,00Z 02/02/24
Grainger County,TN,0,N/S,202401300600,05Z 01/30/24,00Z 02/02/24
Freestone County,TX,0,N/S,202401300600,05Z 01/30/24,00Z 02/02/24
Mifflin County,PA,0,N/S,202401300600,05Z 01/30/24,00Z 02/02/24
Crenshaw County,AL,0,N/S,202401300600,05Z 01/30/24,00Z 02/02/24
Bristol city,VA,0,N/S,202401300600,05Z 01/30/24,00Z 02/02/24
Runnels County,TX,0,N/S,202401300600,05Z 01/30/24,00Z 02/02/24
Terrell County,TX,0,N/S,202401300600,05Z 01/30/24,00Z 02/02/24
Rawlins County,KS,0,N/S,202401300600,05Z 01/30/24,00Z 02/02/24
Thomas County,KS,0,N/S,202401300600,05Z 01/30/24,00Z 02/02/24
Jeff Davis County,GA,0,N/S,202401300600,05Z 01/30/24,00Z 02/02/24
Cherokee County,IA,1,LIMITED,202401300600,05Z 01/30/24,00Z 02/02/24
White County,AR,0,N/S,202401300600,05Z 01/30/24,00Z 02/02/24
Leflore County,MS,0,N/S,202401300600,05Z 01/30/24,00Z 02/02/24
Cooper County,MO,1,LIMITED,202401300600,05Z 01/30/24,00Z 02/02/24
Dickinson County,MI,1,LIMITED,202401300600,05Z 01/30/24,00Z 02/02/24
Will County,IL,0,N/S,202401300600,05Z 01/30/24,00Z 02/02/24
Deaf Smith County,TX,0,N/S,202401300600,05Z 01/30/24,00Z 02/02/24
Brookings County,SD,1,LIMITED,202401300600,05Z 01/30/24,00Z 02/02/24
Clay County,MO,1,LIMITED,202401300600,05Z 01/30/24,00Z 02/02/24
Coahoma County,MS,0,N/S,202401300600,05Z 01/30/24,00Z 02/02/24
Boone County,IN,0,N/S,202401300600,05Z 01/30/24,00Z 02/02/24
Des Moines County,IA,0,N/S,202401300600,05Z 01/30/24,00Z 02/02/24
Scott County,IA,1,LIMITED,202401300600,05Z 01/30/24,00Z 02/02/24
Ottawa County,KS,0,N/S,202401300600,05Z 01/30/24,00Z 02/02/24
Columbia County,FL,0,N/S,202401300600,05Z 01/30/24,00Z 02/02/24
Holmes County,FL,0,N/S,202401300600,05Z 01/30/24,00Z 02/02/24
Harrison County,MS,0,N/S,202401300600,05Z 01/30/24,00Z 02/02/24
Utuado Municipio,PR,0,N/S,202401300600,05Z 01/30/24,00Z 02/02/24
Bradley County,TN,0,N/S,202401300600,05Z 01/30/24,00Z 02/02/24
Carlton County,MN,1,LIMITED,202401300600,05Z 01/30/24,00Z 02/02/24
Marion County,TX,0,N/S,202401300600,05Z 01/30/24,00Z 02/02/24
Schoharie County,NY,1,LIMITED,202401300600,05Z 01/30/24,00Z 02/02/24
Pawnee County,OK,0,N/S,202401300600,05Z 01/30/24,00Z 02/02/24
Broome County,NY,1,LIMITED,202401300600,05Z 01/30/24,00Z 02/02/24
Liberty County,TX,0,N/S,202401300600,05Z 01/30/24,00Z 02/02/24
Athens County,OH,0,N/S,202401300600,05Z 01/30/24,00Z 02/02/24
Jefferson County,OH,0,N/S,202401300600,05Z 01/30/24,00Z 02/02/24
Randolph County,WV,1,LIMITED,202401300600,05Z 01/30/24,00Z 02/02/24
Marion County,WV,0,N/S,202401300600,05Z 01/30/24,00Z 02/02/24
Cumberland County,NJ,0,N/S,202401300600,05Z 01/30/24,00Z 02/02/24
Nevada County,CA,0,N/S,202401300600,05Z 01/30/24,00Z 02/02/24
Douglas County,WI,1,LIMITED,202401300600,05Z 01/30/24,00Z 02/02/24
Pulaski County,KY,0,N/S,202401300600,05Z 01/30/24,00Z 02/02/24
Edgecombe County,NC,0,N/S,202401300600,05Z 01/30/24,00Z 02/02/24
Jasper County,TX,0,N/S,202401300600,05Z 01/30/24,00Z 02/02/24
Beaver County,UT,0,N/S,202401300600,05Z 01/30/24,00Z 02/02/24
Murray County,GA,0,N/S,202401300600,05Z 01/30/24,00Z 02/02/24
Jay County,IN,0,N/S,202401300600,05Z 01/30/24,00Z 02/02/24
Montcalm County,MI,0,N/S,202401300600,05Z 01/30/24,00Z 02/02/24
Rensselaer County,NY,1,LIMITED,202401300600,05Z 01/30/24,00Z 02/02/24
Collier County,FL,0,N/S,202401300600,05Z 01/30/24,00Z 02/02/24
McKinley County,NM,1,LIMITED,202401300600,05Z 01/30/24,00Z 02/02/24
Ben Hill County,GA,0,N/S,202401300600,05Z 01/30/24,00Z 02/02/24
Lee County,AR,0,N/S,202401300600,05Z 01/30/24,00Z 02/02/24
Baker County,FL,0,N/S,202401300600,05Z 01/30/24,00Z 02/02/24
Lanier County,GA,0,N/S,202401300600,05Z 01/30/24,00Z 02/02/24
Rice County,KS,0,N/S,202401300600,05Z 01/30/24,00Z 02/02/24
Calhoun County,AL,0,N/S,202401300600,05Z 01/30/24,00Z 02/02/24
Jackson County,MS,0,N/S,202401300600,05Z 01/30/24,00Z 02/02/24
Campbell County,KY,0,N/S,202401300600,05Z 01/30/24,00Z 02/02/24
Cumberland County,KY,0,N/S,202401300600,05Z 01/30/24,00Z 02/02/24
Panola County,MS,0,N/S,202401300600,05Z 01/30/24,00Z 02/02/24
Hansford County,TX,0,N/S,202401300600,05Z 01/30/24,00Z 02/02/24
Chambers County,TX,0,N/S,202401300600,05Z 01/30/24,00Z 02/02/24
Quitman County,GA,0,N/S,202401300600,05Z 01/30/24,00Z 02/02/24
Hardin County,TX,0,N/S,202401300600,05Z 01/30/24,00Z 02/02/24
Sandusky County,OH,0,N/S,202401300600,05Z 01/30/24,00Z 02/02/24
Piscataquis County,ME,0,N/S,202401300600,05Z 01/30/24,00Z 02/02/24
Pulaski County,IL,0,N/S,202401300600,05Z 01/30/24,00Z 02/02/24
Okfuskee County,OK,0,N/S,202401300600,05Z 01/30/24,00Z 02/02/24
Saginaw County,MI,0,N/S,202401300600,05Z 01/30/24,00Z 02/02/24
Rio Arriba County,NM,1,LIMITED,202401300600,05Z 01/30/24,00Z 02/02/24
Caledonia County,VT,1,LIMITED,202401300600,05Z 01/30/24,00Z 02/02/24
Botetourt County,VA,1,LIMITED,202401300600,05Z 01/30/24,00Z 02/02/24
Madison County,IL,0,N/S,202401300600,05Z 01/30/24,00Z 02/02/24
Collin County,TX,0,N/S,202401300600,05Z 01/30/24,00Z 02/02/24
Abbeville County,SC,0,N/S,202401300600,05Z 01/30/24,00Z 02/02/24
Dodge County,NE,1,LIMITED,202401300600,05Z 01/30/24,00Z 02/02/24
Sarasota County,FL,0,N/S,202401300600,05Z 01/30/24,00Z 02/02/24
Marquette County,WI,1,LIMITED,202401300600,05Z 01/30/24,00Z 02/02/24
Mohave County,AZ,0,N/S,202401300600,05Z 01/30/24,00Z 02/02/24
Yavapai County,AZ,0,N/S,202401300600,05Z 01/30/24,00Z 02/02/24
Horry County,SC,0,N/S,202401300600,05Z 01/30/24,00Z 02/02/24
Montgomery County,PA,0,N/S,202401300600,05Z 01/30/24,00Z 02/02/24
Lewis County,ID,0,N/S,202401300600,05Z 01/30/24,00Z 02/02/24
Arecibo Municipio,PR,0,N/S,202401300600,05Z 01/30/24,00Z 02/02/24
Norton city,VA,1,LIMITED,202401300600,05Z 01/30/24,00Z 02/02/24
Morris County,NJ,1,LIMITED,202401300600,05Z 01/30/24,00Z 02/02/24
Sullivan County,MO,1,LIMITED,202401300600,05Z 01/30/24,00Z 02/02/24
Ness County,KS,0,N/S,202401300600,05Z 01/30/24,00Z 02/02/24
Brazoria County,TX,0,N/S,202401300600,05Z 01/30/24,00Z 02/02/24
Staunton city,VA,1,LIMITED,202401300600,05Z 01/30/24,00Z 02/02/24
Chase County,NE,0,N/S,202401300600,05Z 01/30/24,00Z 02/02/24
Montgomery County,OH,0,N/S,202401300600,05Z 01/30/24,00Z 02/02/24
Throckmorton County,TX,0,N/S,202401300600,05Z 01/30/24,00Z 02/02/24
Oglethorpe County,GA,0,N/S,202401300600,05Z 01/30/24,00Z 02/02/24
Conway County,AR,0,N/S,202401300600,05Z 01/30/24,00Z 02/02/24
Nodaway County,MO,1,LIMITED,202401300600,05Z 01/30/24,00Z 02/02/24
Ransom County,ND,1,LIMITED,202401300600,05Z 01/30/24,00Z 02/02/24
Bay County,MI,0,N/S,202401300600,05Z 01/30/24,00Z 02/02/24
Shelby County,TN,0,N/S,202401300600,05Z 01/30/24,00Z 02/02/24
Butte County,CA,0,N/S,202401300600,05Z 01/30/24,00Z 02/02/24
Pine County,MN,1,LIMITED,202401300600,05Z 01/30/24,00Z 02/02/24
Bastrop County,TX,0,N/S,202401300600,05Z 01/30/24,00Z 02/02/24
Klickitat County,WA,0,N/S,202401300600,05Z 01/30/24,00Z 02/02/24
San Juan County,WA,0,N/S,202401300600,05Z 01/30/24,00Z 02/02/24
Brown County,WI,1,LIMITED,202401300600,05Z 01/30/24,00Z 02/02/24
Wilson County,KS,0,N/S,202401300600,05Z 01/30/24,00Z 02/02/24
Natchitoches Parish,LA,0,N/S,202401300600,05Z 01/30/24,00Z 02/02/24
Terrebonne Parish,LA,0,N/S,202401300600,05Z 01/30/24,00Z 02/02/24
Irwin County,GA,0,N/S,202401300600,05Z 01/30/24,00Z 02/02/24
North Slope Borough,AK,0,N/S,202401300600,05Z 01/30/24,00Z 02/02/24
Arenac County,MI,0,N/S,202401300600,05Z 01/30/24,00Z 02/02/24
Lee County,IA,0,N/S,202401300600,05Z 01/30/24,00Z 02/02/24
Osborne County,KS,0,N/S,202401300600,05Z 01/30/24,00Z 02/02/24
Emmet County,MI,1,LIMITED,202401300600,05Z 01/30/24,00Z 02/02/24
Fremont County,IA,1,LIMITED,202401300600,05Z 01/30/24,00Z 02/02/24
Lincoln County,ME,0,N/S,202401300600,05Z 01/30/24,00Z 02/02/24
Seneca County,NY,1,LIMITED,202401300600,05Z 01/30/24,00Z 02/02/24
Laurel County,KY,0,N/S,202401300600,05Z 01/30/24,00Z 02/02/24
Meigs County,TN,0,N/S,202401300600,05Z 01/30/24,00Z 02/02/24
Taney County,MO,0,N/S,202401300600,05Z 01/30/24,00Z 02/02/24
Taylor County,GA,0,N/S,202401300600,05Z 01/30/24,00Z 02/02/24
Williamsburg city,VA,0,N/S,202401300600,05Z 01/30/24,00Z 02/02/24
Scurry County,TX,0,N/S,202401300600,05Z 01/30/24,00Z 02/02/24
Gilpin County,CO,1,LIMITED,202401300600,05Z 01/30/24,00Z 02/02/24
McClain County,OK,0,N/S,202401300600,05Z 01/30/24,00Z 02/02/24
Pendleton County,WV,1,LIMITED,202401300600,05Z 01/30/24,00Z 02/02/24
Page County,VA,1,LIMITED,202401300600,05Z 01/30/24,00Z 02/02/24
Le Flore County,OK,0,N/S,202401300600,05Z 01/30/24,00Z 02/02/24
Summers County,WV,1,LIMITED,202401300600,05Z 01/30/24,00Z 02/02/24
Mecklenburg County,NC,0,N/S,202401300600,05Z 01/30/24,00Z 02/02/24
Essex County,NJ,0,N/S,202401300600,05Z 01/30/24,00Z 02/02/24
Linn County,MO,1,LIMITED,202401300600,05Z 01/30/24,00Z 02/02/24
Montgomery County,GA,0,N/S,202401300600,05Z 01/30/24,00Z 02/02/24
Sherman County,OR,0,N/S,202401300600,05Z 01/30/24,00Z 02/02/24
Greene County,GA,0,N/S,202401300600,05Z 01/30/24,00Z 02/02/24
Buffalo County,SD,1,LIMITED,202401300600,05Z 01/30/24,00Z 02/02/24
Mellette County,SD,1,LIMITED,202401300600,05Z 01/30/24,00Z 02/02/24
Ector County,TX,0,N/S,202401300600,05Z 01/30/24,00Z 02/02/24
Limestone County,TX,0,N/S,202401300600,05Z 01/30/24,00Z 02/02/24
Grays Harbor County,WA,0,N/S,202401300600,05Z 01/30/24,00Z 02/02/24
Berkeley County,WV,0,N/S,202401300600,05Z 01/30/24,00Z 02/02/24
Villalba Municipio,PR,0,N/S,202401300600,05Z 01/30/24,00Z 02/02/24
Park County,MT,1,LIMITED,202401300600,05Z 01/30/24,00Z 02/02/24
Denton County,TX,0,N/S,202401300600,05Z 01/30/24,00Z 02/02/24
Cherokee County,SC,0,N/S,202401300600,05Z 01/30/24,00Z 02/02/24
Yancey County,NC,2,MINOR,202401300600,05Z 01/30/24,00Z 02/02/24
Red River County,TX,0,N/S,202401300600,05Z 01/30/24,00Z 02/02/24
Matagorda County,TX,0,N/S,202401300600,05Z 01/30/24,00Z 02/02/24
Stevens County,MN,1,LIMITED,202401300600,05Z 01/30/24,00Z 02/02/24
Warren County,GA,0,N/S,202401300600,05Z 01/30/24,00Z 02/02/24
Hardeman County,TX,0,N/S,202401300600,05Z 01/30/24,00Z 02/02/24
Monroe County,IL,0,N/S,202401300600,05Z 01/30/24,00Z 02/02/24
Jenkins County,GA,0,N/S,202401300600,05Z 01/30/24,00Z 02/02/24
Grayson County,KY,0,N/S,202401300600,05Z 01/30/24,00Z 02/02/24
Palo Pinto County,TX,0,N/S,202401300600,05Z 01/30/24,00Z 02/02/24
Heard County,GA,0,N/S,202401300600,05Z 01/30/24,00Z 02/02/24
Lawrence County,AL,0,N/S,202401300600,05Z 01/30/24,00Z 02/02/24
Guaynabo Municipio,PR,0,N/S,202401300600,05Z 01/30/24,00Z 02/02/24
Marshall County,MS,0,N/S,202401300600,05Z 01/30/24,00Z 02/02/24
Clark County,KS,0,N/S,202401300600,05Z 01/30/24,00Z 02/02/24
Haskell County,KS,0,N/S,202401300600,05Z 01/30/24,00Z 02/02/24
Bienville Parish,LA,0,N/S,202401300600,05Z 01/30/24,00Z 02/02/24
Walker County,GA,0,N/S,202401300600,05Z 01/30/24,00Z 02/02/24
Iowa County,IA,1,LIMITED,202401300600,05Z 01/30/24,00Z 02/02/24
Buffalo County,NE,1,LIMITED,202401300600,05Z 01/30/24,00Z 02/02/24
Beaver County,OK,0,N/S,202401300600,05Z 01/30/24,00Z 02/02/24
Butler County,IA,1,LIMITED,202401300600,05Z 01/30/24,00Z 02/02/24
Roosevelt County,MT,0,N/S,202401300600,05Z 01/30/24,00Z 02/02/24
Barceloneta Municipio,PR,0,N/S,202401300600,05Z 01/30/24,00Z 02/02/24
Cowlitz County,WA,0,N/S,202401300600,05Z 01/30/24,00Z 02/02/24
Live Oak County,TX,0,N/S,202401300600,05Z 01/30/24,00Z 02/02/24
Moniteau County,MO,0,N/S,202401300600,05Z 01/30/24,00Z 02/02/24
Westmoreland County,VA,0,N/S,202401300600,05Z 01/30/24,00Z 02/02/24
Yadkin County,NC,0,N/S,202401300600,05Z 01/30/24,00Z 02/02/24
Merced County,CA,0,N/S,202401300600,05Z 01/30/24,00Z 02/02/24
Dewey County,OK,0,N/S,202401300600,05Z 01/30/24,00Z 02/02/24
Burke County,NC,0,N/S,202401300600,05Z 01/30/24,00Z 02/02/24
Wayne County,NC,0,N/S,202401300600,05Z 01/30/24,00Z 02/02/24
Warren County,PA,1,LIMITED,202401300600,05Z 01/30/24,00Z 02/02/24
Howard County,AR,0,N/S,202401300600,05Z 01/30/24,00Z 02/02/24
Davie County,NC,0,N/S,202401300600,05Z 01/30/24,00Z 02/02/24
McDowell County,NC,0,N/S,202401300600,05Z 01/30/24,00Z 02/02/24
Nevada County,AR,0,N/S,202401300600,05Z 01/30/24,00Z 02/02/24
Yuma County,CO,0,N/S,202401300600,05Z 01/30/24,00Z 02/02/24
Sherman County,TX,0,N/S,202401300600,05Z 01/30/24,00Z 02/02/24
Uvalde County,TX,0,N/S,202401300600,05Z 01/30/24,00Z 02/02/24
Auglaize County,OH,0,N/S,202401300600,05Z 01/30/24,00Z 02/02/24
Bossier Parish,LA,0,N/S,202401300600,05Z 01/30/24,00Z 02/02/24
Emmet County,IA,1,LIMITED,202401300600,05Z 01/30/24,00Z 02/02/24
Saline County,KS,0,N/S,202401300600,05Z 01/30/24,00Z 02/02/24
Magoffin County,KY,0,N/S,202401300600,05Z 01/30/24,00Z 02/02/24
Bailey County,TX,0,N/S,202401300600,05Z 01/30/24,00Z 02/02/24
Callaway County,MO,0,N/S,202401300600,05Z 01/30/24,00Z 02/02/24
Albany County,WY,1,LIMITED,202401300600,05Z 01/30/24,00Z 02/02/24
Park County,WY,2,MINOR,202401300600,05Z 01/30/24,00Z 02/02/24
Montour County,PA,1,LIMITED,202401300600,05Z 01/30/24,00Z 02/02/24
Queens County,NY,0,N/S,202401300600,05Z 01/30/24,00Z 02/02/24
Suwannee County,FL,0,N/S,202401300600,05Z 01/30/24,00Z 02/02/24
Cheboygan County,MI,1,LIMITED,202401300600,05Z 01/30/24,00Z 02/02/24
Gladwin County,MI,0,N/S,202401300600,05Z 01/30/24,00Z 02/02/24
Montgomery County,KY,0,N/S,202401300600,05Z 01/30/24,00Z 02/02/24
Lancaster County,SC,0,N/S,202401300600,05Z 01/30/24,00Z 02/02/24
Larue County,KY,0,N/S,202401300600,05Z 01/30/24,00Z 02/02/24
Woodbury County,IA,1,LIMITED,202401300600,05Z 01/30/24,00Z 02/02/24
Taylor County,FL,0,N/S,202401300600,05Z 01/30/24,00Z 02/02/24
Alexander County,IL,0,N/S,202401300600,05Z 01/30/24,00Z 02/02/24
Jefferson County,MO,0,N/S,202401300600,05Z 01/30/24,00Z 02/02/24
Lincoln County,MO,0,N/S,202401300600,05Z 01/30/24,00Z 02/02/24
Chatham County,GA,0,N/S,202401300600,05Z 01/30/24,00Z 02/02/24
Union County,FL,0,N/S,202401300600,05Z 01/30/24,00Z 02/02/24
Genesee County,NY,1,LIMITED,202401300600,05Z 01/30/24,00Z 02/02/24
Clay County,IA,1,LIMITED,202401300600,05Z 01/30/24,00Z 02/02/24
Fallon County,MT,0,N/S,202401300600,05Z 01/30/24,00Z 02/02/24
Potter County,SD,1,LIMITED,202401300600,05Z 01/30/24,00Z 02/02/24
Culberson County,TX,0,N/S,202401300600,05Z 01/30/24,00Z 02/02/24
Cumberland County,ME,0,N/S,202401300600,05Z 01/30/24,00Z 02/02/24
Atascosa County,TX,0,N/S,202401300600,05Z 01/30/24,00Z 02/02/24
Kingman County,KS,0,N/S,202401300600,05Z 01/30/24,00Z 02/02/24
Rabun County,GA,0,N/S,202401300600,05Z 01/30/24,00Z 02/02/24
Upshur County,WV,0,N/S,202401300600,05Z 01/30/24,00Z 02/02/24
Texas County,MO,0,N/S,202401300600,05Z 01/30/24,00Z 02/02/24
Pulaski County,AR,0,N/S,202401300600,05Z 01/30/24,00Z 02/02/24
Crawford County,IA,1,LIMITED,202401300600,05Z 01/30/24,00Z 02/02/24
Bannock County,ID,1,LIMITED,202401300600,05Z 01/30/24,00Z 02/02/24
Geauga County,OH,0,N/S,202401300600,05Z 01/30/24,00Z 02/02/24
Cayey Municipio,PR,0,N/S,202401300600,05Z 01/30/24,00Z 02/02/24
Tulare County,CA,0,N/S,202401300600,05Z 01/30/24,00Z 02/02/24
Arroyo Municipio,PR,0,N/S,202401300600,05Z 01/30/24,00Z 02/02/24
San Germán Municipio,PR,0,N/S,202401300600,05Z 01/30/24,00Z 02/02/24
Wayne County,NY,0,N/S,202401300600,05Z 01/30/24,00Z 02/02/24
Rockbridge County,VA,1,LIMITED,202401300600,05Z 01/30/24,00Z 02/02/24
Towner County,ND,0,N/S,202401300600,05Z 01/30/24,00Z 02/02/24
Delaware County,PA,0,N/S,202401300600,05Z 01/30/24,00Z 02/02/24
Niagara County,NY,0,N/S,202401300600,05Z 01/30/24,00Z 02/02/24
Bennington County,VT,1,LIMITED,202401300600,05Z 01/30/24,00Z 02/02/24
Clay County,FL,0,N/S,202401300600,05Z 01/30/24,00Z 02/02/24
Wake County,NC,0,N/S,202401300600,05Z 01/30/24,00Z 02/02/24
Hamilton County,OH,0,N/S,202401300600,05Z 01/30/24,00Z 02/02/24
Bergen County,NJ,0,N/S,202401300600,05Z 01/30/24,00Z 02/02/24
Lincoln County,NV,0,N/S,202401300600,05Z 01/30/24,00Z 02/02/24
Nome Census Area,AK,0,N/S,202401300600,05Z 01/30/24,00Z 02/02/24
McCone County,MT,0,N/S,202401300600,05Z 01/30/24,00Z 02/02/24
Buchanan County,IA,1,LIMITED,202401300600,05Z 01/30/24,00Z 02/02/24
DuPage County,IL,0,N/S,202401300600,05Z 01/30/24,00Z 02/02/24
Fall River County,SD,0,N/S,202401300600,05Z 01/30/24,00Z 02/02/24
Kittson County,MN,1,LIMITED,202401300600,05Z 01/30/24,00Z 02/02/24
Oconee County,GA,0,N/S,202401300600,05Z 01/30/24,00Z 02/02/24
Wilson County,TX,0,N/S,202401300600,05Z 01/30/24,00Z 02/02/24
Fillmore County,NE,1,LIMITED,202401300600,05Z 01/30/24,00Z 02/02/24
Madison County,FL,0,N/S,202401300600,05Z 01/30/24,00Z 02/02/24
Carolina Municipio,PR,0,N/S,202401300600,05Z 01/30/24,00Z 02/02/24
Sullivan County,IN,0,N/S,202401300600,05Z 01/30/24,00Z 02/02/24
La Paz County,AZ,0,N/S,202401300600,05Z 01/30/24,00Z 02/02/24
Brooks County,GA,0,N/S,202401300600,05Z 01/30/24,00Z 02/02/24
Aleutians West Census Area,AK,0,N/S,202401300600,05Z 01/30/24,00Z 02/02/24
Kodiak Island Borough,AK,0,N/S,202401300600,05Z 01/30/24,00Z 02/02/24
Stafford County,KS,0,N/S,202401300600,05Z 01/30/24,00Z 02/02/24
Telfair County,GA,0,N/S,202401300600,05Z 01/30/24,00Z 02/02/24
Monroe County,MI,0,N/S,202401300600,05Z 01/30/24,00Z 02/02/24
White County,IN,0,N/S,202401300600,05Z 01/30/24,00Z 02/02/24
Noble County,IN,0,N/S,202401300600,05Z 01/30/24,00Z 02/02/24
Livingston County,KY,0,N/S,202401300600,05Z 01/30/24,00Z 02/02/24
Miller County,GA,0,N/S,202401300600,05Z 01/30/24,00Z 02/02/24
Lincoln County,TN,0,N/S,202401300600,05Z 01/30/24,00Z 02/02/24
Shelby County,KY,0,N/S,202401300600,05Z 01/30/24,00Z 02/02/24
York County,NE,1,LIMITED,202401300600,05Z 01/30/24,00Z 02/02/24
Adams County,PA,0,N/S,202401300600,05Z 01/30/24,00Z 02/02/24
Allendale County,SC,0,N/S,202401300600,05Z 01/30/24,00Z 02/02/24
Davidson County,TN,0,N/S,202401300600,05Z 01/30/24,00Z 02/02/24
Uintah County,UT,1,LIMITED,202401300600,05Z 01/30/24,00Z 02/02/24
Utah County,UT,1,LIMITED,202401300600,05Z 01/30/24,00Z 02/02/24
Clay County,IN,0,N/S,202401300600,05Z 01/30/24,00Z 02/02/24
Kings County,NY,0,N/S,202401300600,05Z 01/30/24,00Z 02/02/24
Morgan County,MO,0,N/S,202401300600,05Z 01/30/24,00Z 02/02/24
Holmes County,OH,0,N/S,202401300600,05Z 01/30/24,00Z 02/02/24
Osceola County,IA,1,LIMITED,202401300600,05Z 01/30/24,00Z 02/02/24
Jennings County,IN,0,N/S,202401300600,05Z 01/30/24,00Z 02/02/24
Twin Falls County,ID,1,LIMITED,202401300600,05Z 01/30/24,00Z 02/02/24
Saline County,IL,0,N/S,202401300600,05Z 01/30/24,00Z 02/02/24
Kalamazoo County,MI,0,N/S,202401300600,05Z 01/30/24,00Z 02/02/24
Lee County,SC,0,N/S,202401300600,05Z 01/30/24,00Z 02/02/24
Johnson County,WY,0,N/S,202401300600,05Z 01/30/24,00Z 02/02/24
Daviess County,IN,0,N/S,202401300600,05Z 01/30/24,00Z 02/02/24
Grand Traverse County,MI,1,LIMITED,202401300600,05Z 01/30/24,00Z 02/02/24
Allen Parish,LA,0,N/S,202401300600,05Z 01/30/24,00Z 02/02/24
Hughes County,SD,1,LIMITED,202401300600,05Z 01/30/24,00Z 02/02/24
Hyde County,SD,1,LIMITED,202401300600,05Z 01/30/24,00Z 02/02/24
Clarendon County,SC,0,N/S,202401300600,05Z 01/30/24,00Z 02/02/24
Stillwater County,MT,0,N/S,202401300600,05Z 01/30/24,00Z 02/02/24
Bledsoe County,TN,0,N/S,202401300600,05Z 01/30/24,00Z 02/02/24
Todd County,KY,0,N/S,202401300600,05Z 01/30/24,00Z 02/02/24
Weakley County,TN,0,N/S,202401300600,05Z 01/30/24,00Z 02/02/24
Greene County,MO,0,N/S,202401300600,05Z 01/30/24,00Z 02/02/24
Lehigh County,PA,0,N/S,202401300600,05Z 01/30/24,00Z 02/02/24
Seward County,NE,1,LIMITED,202401300600,05Z 01/30/24,00Z 02/02/24
Chemung County,NY,1,LIMITED,202401300600,05Z 01/30/24,00Z 02/02/24
Wyoming County,NY,1,LIMITED,202401300600,05Z 01/30/24,00Z 02/02/24
Stanislaus County,CA,0,N/S,202401300600,05Z 01/30/24,00Z 02/02/24
Northampton County,PA,0,N/S,202401300600,05Z 01/30/24,00Z 02/02/24
Morgan County,AL,0,N/S,202401300600,05Z 01/30/24,00Z 02/02/24
Breckinridge County,KY,0,N/S,202401300600,05Z 01/30/24,00Z 02/02/24
Grenada County,MS,0,N/S,202401300600,05Z 01/30/24,00Z 02/02/24
Simpson County,KY,0,N/S,202401300600,05Z 01/30/24,00Z 02/02/24
Grand Isle County,VT,1,LIMITED,202401300600,05Z 01/30/24,00Z 02/02/24
Columbiana County,OH,0,N/S,202401300600,05Z 01/30/24,00Z 02/02/24
Nelson County,VA,0,N/S,202401300600,05Z 01/30/24,00Z 02/02/24
Osceola County,FL,0,N/S,202401300600,05Z 01/30/24,00Z 02/02/24
Grant County,AR,0,N/S,202401300600,05Z 01/30/24,00Z 02/02/24
Laurens County,GA,0,N/S,202401300600,05Z 01/30/24,00Z 02/02/24
New York County,NY,0,N/S,202401300600,05Z 01/30/24,00Z 02/02/24
Benton County,AR,0,N/S,202401300600,05Z 01/30/24,00Z 02/02/24
Isabela Municipio,PR,0,N/S,202401300600,05Z 01/30/24,00Z 02/02/24
Marion County,FL,0,N/S,202401300600,05Z 01/30/24,00Z 02/02/24
Nottoway County,VA,0,N/S,202401300600,05Z 01/30/24,00Z 02/02/24
Warren County,NJ,0,N/S,202401300600,05Z 01/30/24,00Z 02/02/24
Columbia County,NY,1,LIMITED,202401300600,05Z 01/30/24,00Z 02/02/24
Martinsville city,VA,0,N/S,202401300600,05Z 01/30/24,00Z 02/02/24
Choctaw County,OK,0,N/S,202401300600,05Z 01/30/24,00Z 02/02/24
Dickinson County,KS,1,LIMITED,202401300600,05Z 01/30/24,00Z 02/02/24
Starr County,TX,0,N/S,202401300600,05Z 01/30/24,00Z 02/02/24
Effingham County,GA,0,N/S,202401300600,05Z 01/30/24,00Z 02/02/24
Roger Mills County,OK,0,N/S,202401300600,05Z 01/30/24,00Z 02/02/24
Richland County,WI,1,LIMITED,202401300600,05Z 01/30/24,00Z 02/02/24
Lea County,NM,0,N/S,202401300600,05Z 01/30/24,00Z 02/02/24
Lamar County,AL,0,N/S,202401300600,05Z 01/30/24,00Z 02/02/24
Florida Municipio,PR,0,N/S,202401300600,05Z 01/30/24,00Z 02/02/24
Marshall County,TN,0,N/S,202401300600,05Z 01/30/24,00Z 02/02/24
Appomattox County,VA,0,N/S,202401300600,05Z 01/30/24,00Z 02/02/24
Madison County,AR,0,N/S,202401300600,05Z 01/30/24,00Z 02/02/24
Sheridan County,WY,0,N/S,202401300600,05Z 01/30/24,00Z 02/02/24
Cumberland County,PA,0,N/S,202401300600,05Z 01/30/24,00Z 02/02/24
Franklin County,PA,0,N/S,202401300600,05Z 01/30/24,00Z 02/02/24
Luzerne County,PA,1,LIMITED,202401300600,05Z 01/30/24,00Z 02/02/24
Crawford County,MI,0,N/S,202401300600,05Z 01/30/24,00Z 02/02/24
Russell County,AL,0,N/S,202401300600,05Z 01/30/24,00Z 02/02/24
Carroll County,OH,0,N/S,202401300600,05Z 01/30/24,00Z 02/02/24
Fluvanna County,VA,0,N/S,202401300600,05Z 01/30/24,00Z 02/02/24
Lake County,IL,0,N/S,202401300600,05Z 01/30/24,00Z 02/02/24
Madison County,GA,0,N/S,202401300600,05Z 01/30/24,00Z 02/02/24
Dallas County,AR,0,N/S,202401300600,05Z 01/30/24,00Z 02/02/24
Jackson County,CO,2,MINOR,202401300600,05Z 01/30/24,00Z 02/02/24
Kit Carson County,CO,0,N/S,202401300600,05Z 01/30/24,00Z 02/02/24
Owyhee County,ID,1,LIMITED,202401300600,05Z 01/30/24,00Z 02/02/24
Wood County,WI,1,LIMITED,202401300600,05Z 01/30/24,00Z 02/02/24
Chautauqua County,NY,1,LIMITED,202401300600,05Z 01/30/24,00Z 02/02/24
Cobb County,GA,0,N/S,202401300600,05Z 01/30/24,00Z 02/02/24
Johnson County,TN,1,LIMITED,202401300600,05Z 01/30/24,00Z 02/02/24
Belmont County,OH,0,N/S,202401300600,05Z 01/30/24,00Z 02/02/24
Wise County,VA,1,LIMITED,202401300600,05Z 01/30/24,00Z 02/02/24
Carter County,MO,0,N/S,202401300600,05Z 01/30/24,00Z 02/02/24
Bryan County,OK,0,N/S,202401300600,05Z 01/30/24,00Z 02/02/24
Clay County,NE,1,LIMITED,202401300600,05Z 01/30/24,00Z 02/02/24
Charles County,MD,0,N/S,202401300600,05Z 01/30/24,00Z 02/02/24
Cerro Gordo County,IA,1,LIMITED,202401300600,05Z 01/30/24,00Z 02/02/24
Greene County,IA,1,LIMITED,202401300600,05Z 01/30/24,00Z 02/02/24
Rowan County,KY,0,N/S,202401300600,05Z 01/30/24,00Z 02/02/24
Wayne County,UT,0,N/S,202401300600,05Z 01/30/24,00Z 02/02/24
Cape Girardeau County,MO,0,N/S,202401300600,05Z 01/30/24,00Z 02/02/24
Walla Walla County,WA,0,N/S,202401300600,05Z 01/30/24,00Z 02/02/24
Mississippi County,MO,0,N/S,202401300600,05Z 01/30/24,00Z 02/02/24
Cleveland County,AR,0,N/S,202401300600,05Z 01/30/24,00Z 02/02/24
Dallas County,TX,0,N/S,202401300600,05Z 01/30/24,00Z 02/02/24
Lajas Municipio,PR,0,N/S,202401300600,05Z 01/30/24,00Z 02/02/24
DeKalb County,IN,0,N/S,202401300600,05Z 01/30/24,00Z 02/02/24
Ouachita Parish,LA,0,N/S,202401300600,05Z 01/30/24,00Z 02/02/24
St. John the Baptist Parish,LA,0,N/S,202401300600,05Z 01/30/24,00Z 02/02/24
St. Helena Parish,LA,0,N/S,202401300600,05Z 01/30/24,00Z 02/02/24
Schuyler County,MO,1,LIMITED,202401300600,05Z 01/30/24,00Z 02/02/24
Franklin County,AL,0,N/S,202401300600,05Z 01/30/24,00Z 02/02/24
Carroll County,KY,0,N/S,202401300600,05Z 01/30/24,00Z 02/02/24
Clear Creek County,CO,2,MINOR,202401300600,05Z 01/30/24,00Z 02/02/24
Kimble County,TX,0,N/S,202401300600,05Z 01/30/24,00Z 02/02/24
Mackinac County,MI,1,LIMITED,202401300600,05Z 01/30/24,00Z 02/02/24
McCulloch County,TX,0,N/S,202401300600,05Z 01/30/24,00Z 02/02/24
Tishomingo County,MS,0,N/S,202401300600,05Z 01/30/24,00Z 02/02/24
Crockett County,TX,0,N/S,202401300600,05Z 01/30/24,00Z 02/02/24
Hill County,TX,0,N/S,202401300600,05Z 01/30/24,00Z 02/02/24
Logan County,CO,0,N/S,202401300600,05Z 01/30/24,00Z 02/02/24
Finney County,KS,0,N/S,202401300600,05Z 01/30/24,00Z 02/02/24
Montgomery County,KS,0,N/S,202401300600,05Z 01/30/24,00Z 02/02/24
Fairfield County,SC,0,N/S,202401300600,05Z 01/30/24,00Z 02/02/24
Cheyenne County,NE,0,N/S,202401300600,05Z 01/30/24,00Z 02/02/24
Martin County,MN,1,LIMITED,202401300600,05Z 01/30/24,00Z 02/02/24
Sevier County,TN,1,LIMITED,202401300600,05Z 01/30/24,00Z 02/02/24
Polk County,TN,0,N/S,202401300600,05Z 01/30/24,00Z 02/02/24
Kent County,TX,0,N/S,202401300600,05Z 01/30/24,00Z 02/02/24
Teton County,MT,0,N/S,202401300600,05Z 01/30/24,00Z 02/02/24
Garden County,NE,0,N/S,202401300600,05Z 01/30/24,00Z 02/02/24
Macoupin County,IL,0,N/S,202401300600,05Z 01/30/24,00Z 02/02/24
Ross County,OH,0,N/S,202401300600,05Z 01/30/24,00Z 02/02/24
Whiteside County,IL,1,LIMITED,202401300600,05Z 01/30/24,00Z 02/02/24
El Paso County,TX,0,N/S,202401300600,05Z 01/30/24,00Z 02/02/24
Loving County,TX,0,N/S,202401300600,05Z 01/30/24,00Z 02/02/24
Latimer County,OK,0,N/S,202401300600,05Z 01/30/24,00Z 02/02/24
Washington County,OH,0,N/S,202401300600,05Z 01/30/24,00Z 02/02/24
Howell County,MO,0,N/S,202401300600,05Z 01/30/24,00Z 02/02/24
Edwards County,KS,0,N/S,202401300600,05Z 01/30/24,00Z 02/02/24
Jefferson County,KY,0,N/S,202401300600,05Z 01/30/24,00Z 02/02/24
Logan County,IL,0,N/S,202401300600,05Z 01/30/24,00Z 02/02/24
Winnebago County,WI,1,LIMITED,202401300600,05Z 01/30/24,00Z 02/02/24
Fulton County,KY,0,N/S,202401300600,05Z 01/30/24,00Z 02/02/24
Harvey County,KS,0,N/S,202401300600,05Z 01/30/24,00Z 02/02/24
Dawson County,MT,0,N/S,202401300600,05Z 01/30/24,00Z 02/02/24
Taylor County,WV,0,N/S,202401300600,05Z 01/30/24,00Z 02/02/24
Midland County,MI,0,N/S,202401300600,05Z 01/30/24,00Z 02/02/24
Quitman County,MS,0,N/S,202401300600,05Z 01/30/24,00Z 02/02/24
Hardin County,KY,0,N/S,202401300600,05Z 01/30/24,00Z 02/02/24
Jefferson County,IL,0,N/S,202401300600,05Z 01/30/24,00Z 02/02/24
Hamlin County,SD,1,LIMITED,202401300600,05Z 01/30/24,00Z 02/02/24
Lincoln County,WI,1,LIMITED,202401300600,05Z 01/30/24,00Z 02/02/24
Franklin County,NY,1,LIMITED,202401300600,05Z 01/30/24,00Z 02/02/24
Fredericksburg city,VA,0,N/S,202401300600,05Z 01/30/24,00Z 02/02/24
Raleigh County,WV,1,LIMITED,202401300600,05Z 01/30/24,00Z 02/02/24
Chaves County,NM,0,N/S,202401300600,05Z 01/30/24,00Z 02/02/24
Santa Fe County,NM,0,N/S,202401300600,05Z 01/30/24,00Z 02/02/24
Orange County,CA,0,N/S,202401300600,05Z 01/30/24,00Z 02/02/24
Santa Cruz County,AZ,0,N/S,202401300600,05Z 01/30/24,00Z 02/02/24
Currituck County,NC,0,N/S,202401300600,05Z 01/30/24,00Z 02/02/24
Lawrence County,IL,0,N/S,202401300600,05Z 01/30/24,00Z 02/02/24
Howard County,IN,0,N/S,202401300600,05Z 01/30/24,00Z 02/02/24
Pike County,IN,0,N/S,202401300600,05Z 01/30/24,00Z 02/02/24
Christian County,KY,0,N/S,202401300600,05Z 01/30/24,00Z 02/02/24
Eaton County,MI,0,N/S,202401300600,05Z 01/30/24,00Z 02/02/24
Wapello County,IA,1,LIMITED,202401300600,05Z 01/30/24,00Z 02/02/24
Imperial County,CA,0,N/S,202401300600,05Z 01/30/24,00Z 02/02/24
Cass County,MI,0,N/S,202401300600,05Z 01/30/24,00Z 02/02/24
Wilkinson County,MS,0,N/S,202401300600,05Z 01/30/24,00Z 02/02/24
Yakutat City and Borough,AK,0,N/S,202401300600,05Z 01/30/24,00Z 02/02/24
Sheridan County,KS,0,N/S,202401300600,05Z 01/30/24,00Z 02/02/24
Leake County,MS,0,N/S,202401300600,05Z 01/30/24,00Z 02/02/24
Caguas Municipio,PR,0,N/S,202401300600,05Z 01/30/24,00Z 02/02/24
Camuy Municipio,PR,0,N/S,202401300600,05Z 01/30/24,00Z 02/02/24
Clay County,MS,0,N/S,202401300600,05Z 01/30/24,00Z 02/02/24
Franklin County,MS,0,N/S,202401300600,05Z 01/30/24,00Z 02/02/24
Neshoba County,MS,0,N/S,202401300600,05Z 01/30/24,00Z 02/02/24
Edmunds County,SD,1,LIMITED,202401300600,05Z 01/30/24,00Z 02/02/24
Río Grande Municipio,PR,0,N/S,202401300600,05Z 01/30/24,00Z 02/02/24
Conecuh County,AL,0,N/S,202401300600,05Z 01/30/24,00Z 02/02/24
Dearborn County,IN,0,N/S,202401300600,05Z 01/30/24,00Z 02/02/24
Jackson County,IN,0,N/S,202401300600,05Z 01/30/24,00Z 02/02/24
Lee County,MS,0,N/S,202401300600,05Z 01/30/24,00Z 02/02/24
West Feliciana Parish,LA,0,N/S,202401300600,05Z 01/30/24,00Z 02/02/24
Crittenden County,AR,0,N/S,202401300600,05Z 01/30/24,00Z 02/02/24
Jackson County,FL,0,N/S,202401300600,05Z 01/30/24,00Z 02/02/24
Dickens County,TX,0,N/S,202401300600,05Z 01/30/24,00Z 02/02/24
Mathews County,VA,0,N/S,202401300600,05Z 01/30/24,00Z 02/02/24
Renville County,ND,1,LIMITED,202401300600,05Z 01/30/24,00Z 02/02/24
La Salle County,TX,0,N/S,202401300600,05Z 01/30/24,00Z 02/02/24
Onondaga County,NY,1,LIMITED,202401300600,05Z 01/30/24,00Z 02/02/24
Henry County,IA,1,LIMITED,202401300600,05Z 01/30/24,00Z 02/02/24
Harlan County,NE,1,LIMITED,202401300600,05Z 01/30/24,00Z 02/02/24
Powder River County,MT,0,N/S,202401300600,05Z 01/30/24,00Z 02/02/24
Juana Díaz Municipio,PR,0,N/S,202401300600,05Z 01/30/24,00Z 02/02/24
Pepin County,WI,1,LIMITED,202401300600,05Z 01/30/24,00Z 02/02/24
Apache County,AZ,0,N/S,202401300600,05Z 01/30/24,00Z 02/02/24
Macon County,MO,1,LIMITED,202401300600,05Z 01/30/24,00Z 02/02/24
Lamb County,TX,0,N/S,202401300600,05Z 01/30/24,00Z 02/02/24
Kiowa County,KS,0,N/S,202401300600,05Z 01/30/24,00Z 02/02/24
Austin County,TX,0,N/S,202401300600,05Z 01/30/24,00Z 02/02/24
Daviess County,MO,1,LIMITED,202401300600,05Z 01/30/24,00Z 02/02/24
Seminole County,GA,0,N/S,202401300600,05Z 01/30/24,00Z 02/02/24
Manistee County,MI,0,N/S,202401300600,05Z 01/30/24,00Z 02/02/24
Lyon County,IA,1,LIMITED,202401300600,05Z 01/30/24,00Z 02/02/24
Hutchinson County,TX,0,N/S,202401300600,05Z 01/30/24,00Z 02/02/24
Texas County,OK,0,N/S,202401300600,05Z 01/30/24,00Z 02/02/24
Woodward County,OK,0,N/S,202401300600,05Z 01/30/24,00Z 02/02/24
Adams County,IA,1,LIMITED,202401300600,05Z 01/30/24,00Z 02/02/24
Sutter County,CA,0,N/S,202401300600,05Z 01/30/24,00Z 02/02/24
Potter County,PA,1,LIMITED,202401300600,05Z 01/30/24,00Z 02/02/24
Val Verde County,TX,0,N/S,202401300600,05Z 01/30/24,00Z 02/02/24
Harper County,KS,0,N/S,202401300600,05Z 01/30/24,00Z 02/02/24
Monona County,IA,1,LIMITED,202401300600,05Z 01/30/24,00Z 02/02/24
Juab County,UT,0,N/S,202401300600,05Z 01/30/24,00Z 02/02/24
Stephens County,OK,0,N/S,202401300600,05Z 01/30/24,00Z 02/02/24
Chenango County,NY,1,LIMITED,202401300600,05Z 01/30/24,00Z 02/02/24
Peoria County,IL,0,N/S,202401300600,05Z 01/30/24,00Z 02/02/24
Humboldt County,IA,1,LIMITED,202401300600,05Z 01/30/24,00Z 02/02/24
Washington County,NE,1,LIMITED,202401300600,05Z 01/30/24,00Z 02/02/24
Iowa County,WI,1,LIMITED,202401300600,05Z 01/30/24,00Z 02/02/24
Morrison County,MN,1,LIMITED,202401300600,05Z 01/30/24,00Z 02/02/24
Allegheny County,PA,0,N/S,202401300600,05Z 01/30/24,00Z 02/02/24
Shelby County,MO,0,N/S,202401300600,05Z 01/30/24,00Z 02/02/24
Madison County,OH,0,N/S,202401300600,05Z 01/30/24,00Z 02/02/24
Washington County,KS,1,LIMITED,202401300600,05Z 01/30/24,00Z 02/02/24
Champaign County,IL,0,N/S,202401300600,05Z 01/30/24,00Z 02/02/24
Washington County,ID,1,LIMITED,202401300600,05Z 01/30/24,00Z 02/02/24
Edgar County,IL,0,N/S,202401300600,05Z 01/30/24,00Z 02/02/24
Washington County,CO,0,N/S,202401300600,05Z 01/30/24,00Z 02/02/24
Hardin County,OH,0,N/S,202401300600,05Z 01/30/24,00Z 02/02/24
Missaukee County,MI,0,N/S,202401300600,05Z 01/30/24,00Z 02/02/24
Stutsman County,ND,1,LIMITED,202401300600,05Z 01/30/24,00Z 02/02/24
Shannon County,MO,0,N/S,202401300600,05Z 01/30/24,00Z 02/02/24
Smith County,TX,0,N/S,202401300600,05Z 01/30/24,00Z 02/02/24
Tulsa County,OK,0,N/S,202401300600,05Z 01/30/24,00Z 02/02/24
McIntosh County,OK,0,N/S,202401300600,05Z 01/30/24,00Z 02/02/24
Robertson County,TX,0,N/S,202401300600,05Z 01/30/24,00Z 02/02/24
Gillespie County,TX,0,N/S,202401300600,05Z 01/30/24,00Z 02/02/24
Oakland County,MI,0,N/S,202401300600,05Z 01/30/24,00Z 02/02/24
Golden Valley County,ND,0,N/S,202401300600,05Z 01/30/24,00Z 02/02/24
Niobrara County,WY,0,N/S,202401300600,05Z 01/30/24,00Z 02/02/24
Pipestone County,MN,1,LIMITED,202401300600,05Z 01/30/24,00Z 02/02/24
King George County,VA,0,N/S,202401300600,05Z 01/30/24,00Z 02/02/24
Grant County,WA,0,N/S,202401300600,05Z 01/30/24,00Z 02/02/24
Renville County,MN,1,LIMITED,202401300600,05Z 01/30/24,00Z 02/02/24
Alachua County,FL,0,N/S,202401300600,05Z 01/30/24,00Z 02/02/24
Hooker County,NE,0,N/S,202401300600,05Z 01/30/24,00Z 02/02/24
Prince Edward County,VA,0,N/S,202401300600,05Z 01/30/24,00Z 02/02/24
Carbon County,UT,1,LIMITED,202401300600,05Z 01/30/24,00Z 02/02/24
Bucks County,PA,0,N/S,202401300600,05Z 01/30/24,00Z 02/02/24
Hand County,SD,1,LIMITED,202401300600,05Z 01/30/24,00Z 02/02/24
Lycoming County,PA,0,N/S,202401300600,05Z 01/30/24,00Z 02/02/24
Latah County,ID,0,N/S,202401300600,05Z 01/30/24,00Z 02/02/24
Putnam County,GA,0,N/S,202401300600,05Z 01/30/24,00Z 02/02/24
Galax city,VA,1,LIMITED,202401300600,05Z 01/30/24,00Z 02/02/24
Quay County,NM,0,N/S,202401300600,05Z 01/30/24,00Z 02/02/24
King County,TX,0,N/S,202401300600,05Z 01/30/24,00Z 02/02/24
Lafayette County,AR,0,N/S,202401300600,05Z 01/30/24,00Z 02/02/24
Tom Green County,TX,0,N/S,202401300600,05Z 01/30/24,00Z 02/02/24
Hardee County,FL,0,N/S,202401300600,05Z 01/30/24,00Z 02/02/24
Clermont County,OH,1,LIMITED,202401300600,05Z 01/30/24,00Z 02/02/24
Yoakum County,TX,0,N/S,202401300600,05Z 01/30/24,00Z 02/02/24
Yamhill County,OR,0,N/S,202401300600,05Z 01/30/24,00Z 02/02/24
Louisa County,IA,1,LIMITED,202401300600,05Z 01/30/24,00Z 02/02/24
Elk County,KS,0,N/S,202401300600,05Z 01/30/24,00Z 02/02/24
Noble County,OH,0,N/S,202401300600,05Z 01/30/24,00Z 02/02/24
Putnam County,OH,0,N/S,202401300600,05Z 01/30/24,00Z 02/02/24
Somervell County,TX,0,N/S,202401300600,05Z 01/30/24,00Z 02/02/24
Lebanon County,PA,0,N/S,202401300600,05Z 01/30/24,00Z 02/02/24
Glacier County,MT,0,N/S,202401300600,05Z 01/30/24,00Z 02/02/24
Pershing County,NV,1,LIMITED,202401300600,05Z 01/30/24,00Z 02/02/24
Mahnomen County,MN,1,LIMITED,202401300600,05Z 01/30/24,00Z 02/02/24
Passaic County,NJ,1,LIMITED,202401300600,05Z 01/30/24,00Z 02/02/24
Lake County,MT,1,LIMITED,202401300600,05Z 01/30/24,00Z 02/02/24
Kenedy County,TX,0,N/S,202401300600,05Z 01/30/24,00Z 02/02/24
Borden County,TX,0,N/S,202401300600,05Z 01/30/24,00Z 02/02/24
Perry County,MO,0,N/S,202401300600,05Z 01/30/24,00Z 02/02/24
San Saba County,TX,0,N/S,202401300600,05Z 01/30/24,00Z 02/02/24
Kingfisher County,OK,0,N/S,202401300600,05Z 01/30/24,00Z 02/02/24
Burleson County,TX,0,N/S,202401300600,05Z 01/30/24,00Z 02/02/24
Fulton County,NY,1,LIMITED,202401300600,05Z 01/30/24,00Z 02/02/24
Sunflower County,MS,0,N/S,202401300600,05Z 01/30/24,00Z 02/02/24
Hennepin County,MN,1,LIMITED,202401300600,05Z 01/30/24,00Z 02/02/24
Centre County,PA,0,N/S,202401300600,05Z 01/30/24,00Z 02/02/24
Bee County,TX,0,N/S,202401300600,05Z 01/30/24,00Z 02/02/24
Henderson County,TN,0,N/S,202401300600,05Z 01/30/24,00Z 02/02/24
Tama County,IA,1,LIMITED,202401300600,05Z 01/30/24,00Z 02/02/24
Seward County,KS,0,N/S,202401300600,05Z 01/30/24,00Z 02/02/24
Monroe County,IA,1,LIMITED,202401300600,05Z 01/30/24,00Z 02/02/24
Richardson County,NE,1,LIMITED,202401300600,05Z 01/30/24,00Z 02/02/24
Christian County,IL,0,N/S,202401300600,05Z 01/30/24,00Z 02/02/24
Nassau County,FL,0,N/S,202401300600,05Z 01/30/24,00Z 02/02/24
Washington County,FL,0,N/S,202401300600,05Z 01/30/24,00Z 02/02/24
Baker County,GA,0,N/S,202401300600,05Z 01/30/24,00Z 02/02/24
Thomas County,GA,0,N/S,202401300600,05Z 01/30/24,00Z 02/02/24
Anderson County,KY,0,N/S,202401300600,05Z 01/30/24,00Z 02/02/24
Oldham County,KY,0,N/S,202401300600,05Z 01/30/24,00Z 02/02/24
Cherokee County,GA,0,N/S,202401300600,05Z 01/30/24,00Z 02/02/24
Oliver County,ND,1,LIMITED,202401300600,05Z 01/30/24,00Z 02/02/24
Osceola County,MI,0,N/S,202401300600,05Z 01/30/24,00Z 02/02/24
McNairy County,TN,0,N/S,202401300600,05Z 01/30/24,00Z 02/02/24
Adams County,WA,0,N/S,202401300600,05Z 01/30/24,00Z 02/02/24
Dade County,MO,0,N/S,202401300600,05Z 01/30/24,00Z 02/02/24
St. Mary Parish,LA,0,N/S,202401300600,05Z 01/30/24,00Z 02/02/24
Chittenden County,VT,1,LIMITED,202401300600,05Z 01/30/24,00Z 02/02/24
Comerío Municipio,PR,0,N/S,202401300600,05Z 01/30/24,00Z 02/02/24
Maui County,HI,0,N/S,202401300600,05Z 01/30/24,00Z 02/02/24
Lafourche Parish,LA,0,N/S,202401300600,05Z 01/30/24,00Z 02/02/24
Muscatine County,IA,1,LIMITED,202401300600,05Z 01/30/24,00Z 02/02/24
Santa Rosa County,FL,0,N/S,202401300600,05Z 01/30/24,00Z 02/02/24
Martin County,IN,0,N/S,202401300600,05Z 01/30/24,00Z 02/02/24
Rockcastle County,KY,0,N/S,202401300600,05Z 01/30/24,00Z 02/02/24
Trimble County,KY,0,N/S,202401300600,05Z 01/30/24,00Z 02/02/24
Chattooga County,GA,0,N/S,202401300600,05Z 01/30/24,00Z 02/02/24
Dillon County,SC,0,N/S,202401300600,05Z 01/30/24,00Z 02/02/24
Jones County,NC,0,N/S,202401300600,05Z 01/30/24,00Z 02/02/24
Scotland County,MO,1,LIMITED,202401300600,05Z 01/30/24,00Z 02/02/24
Nemaha County,KS,1,LIMITED,202401300600,05Z 01/30/24,00Z 02/02/24
Norton County,KS,0,N/S,202401300600,05Z 01/30/24,00Z 02/02/24
Aguas Buenas Municipio,PR,0,N/S,202401300600,05Z 01/30/24,00Z 02/02/24
Cataño Municipio,PR,0,N/S,202401300600,05Z 01/30/24,00Z 02/02/24
Furnas County,NE,0,N/S,202401300600,05Z 01/30/24,00Z 02/02/24
Decatur County,GA,0,N/S,202401300600,05Z 01/30/24,00Z 02/02/24
Wayne County,IN,0,N/S,202401300600,05Z 01/30/24,00Z 02/02/24
Barren County,KY,0,N/S,202401300600,05Z 01/30/24,00Z 02/02/24
Howard County,NE,1,LIMITED,202401300600,05Z 01/30/24,00Z 02/02/24
Dunn County,ND,0,N/S,202401300600,05Z 01/30/24,00Z 02/02/24
Amador County,CA,0,N/S,202401300600,05Z 01/30/24,00Z 02/02/24
Fentress County,TN,0,N/S,202401300600,05Z 01/30/24,00Z 02/02/24
Coffey County,KS,1,LIMITED,202401300600,05Z 01/30/24,00Z 02/02/24
Branch County,MI,0,N/S,202401300600,05Z 01/30/24,00Z 02/02/24
Campbell County,VA,0,N/S,202401300600,05Z 01/30/24,00Z 02/02/24
Meigs County,OH,0,N/S,202401300600,05Z 01/30/24,00Z 02/02/24
Nicholas County,WV,1,LIMITED,202401300600,05Z 01/30/24,00Z 02/02/24
Grant County,OK,0,N/S,202401300600,05Z 01/30/24,00Z 02/02/24
Spink County,SD,1,LIMITED,202401300600,05Z 01/30/24,00Z 02/02/24
Windsor County,VT,0,N/S,202401300600,05Z 01/30/24,00Z 02/02/24
Trinity County,TX,0,N/S,202401300600,05Z 01/30/24,00Z 02/02/24
Bernalillo County,NM,0,N/S,202401300600,05Z 01/30/24,00Z 02/02/24
Mitchell County,GA,0,N/S,202401300600,05Z 01/30/24,00Z 02/02/24
Hawaii County,HI,0,N/S,202401300600,05Z 01/30/24,00Z 02/02/24
McCreary County,KY,0,N/S,202401300600,05Z 01/30/24,00Z 02/02/24
Pendleton County,KY,0,N/S,202401300600,05Z 01/30/24,00Z 02/02/24
Spencer County,KY,0,N/S,202401300600,05Z 01/30/24,00Z 02/02/24
Hill County,MT,1,LIMITED,202401300600,05Z 01/30/24,00Z 02/02/24
Valley County,NE,1,LIMITED,202401300600,05Z 01/30/24,00Z 02/02/24
Castro County,TX,0,N/S,202401300600,05Z 01/30/24,00Z 02/02/24
Washington County,MD,0,N/S,202401300600,05Z 01/30/24,00Z 02/02/24
Letcher County,KY,0,N/S,202401300600,05Z 01/30/24,00Z 02/02/24
Salem County,NJ,0,N/S,202401300600,05Z 01/30/24,00Z 02/02/24
Lynchburg city,VA,0,N/S,202401300600,05Z 01/30/24,00Z 02/02/24
Saline County,AR,0,N/S,202401300600,05Z 01/30/24,00Z 02/02/24
Mason County,WV,0,N/S,202401300600,05Z 01/30/24,00Z 02/02/24
Gilmer County,WV,0,N/S,202401300600,05Z 01/30/24,00Z 02/02/24
Jefferson County,MS,0,N/S,202401300600,05Z 01/30/24,00Z 02/02/24
Rolette County,ND,1,LIMITED,202401300600,05Z 01/30/24,00Z 02/02/24
Treasure County,MT,0,N/S,202401300600,05Z 01/30/24,00Z 02/02/24
Clark County,KY,0,N/S,202401300600,05Z 01/30/24,00Z 02/02/24
Morovis Municipio,PR,0,N/S,202401300600,05Z 01/30/24,00Z 02/02/24
Allegan County,MI,0,N/S,202401300600,05Z 01/30/24,00Z 02/02/24
Benton County,TN,0,N/S,202401300600,05Z 01/30/24,00Z 02/02/24
Brown County,MN,1,LIMITED,202401300600,05Z 01/30/24,00Z 02/02/24
Pickett County,TN,0,N/S,202401300600,05Z 01/30/24,00Z 02/02/24
Louisa County,VA,0,N/S,202401300600,05Z 01/30/24,00Z 02/02/24
Shelby County,IN,0,N/S,202401300600,05Z 01/30/24,00Z 02/02/24
Franklin County,OH,0,N/S,202401300600,05Z 01/30/24,00Z 02/02/24
Iron County,UT,0,N/S,202401300600,05Z 01/30/24,00Z 02/02/24
Esmeralda County,NV,2,MINOR,202401300600,05Z 01/30/24,00Z 02/02/24
Keweenaw County,MI,1,LIMITED,202401300600,05Z 01/30/24,00Z 02/02/24
Sanpete County,UT,1,LIMITED,202401300600,05Z 01/30/24,00Z 02/02/24
Kearny County,KS,0,N/S,202401300600,05Z 01/30/24,00Z 02/02/24
Brevard County,FL,0,N/S,202401300600,05Z 01/30/24,00Z 02/02/24
Monroe County,IN,0,N/S,202401300600,05Z 01/30/24,00Z 02/02/24
Lucas County,IA,1,LIMITED,202401300600,05Z 01/30/24,00Z 02/02/24
Woodford County,KY,0,N/S,202401300600,05Z 01/30/24,00Z 02/02/24
Jasper County,SC,0,N/S,202401300600,05Z 01/30/24,00Z 02/02/24
Brewster County,TX,0,N/S,202401300600,05Z 01/30/24,00Z 02/02/24
McCormick County,SC,0,N/S,202401300600,05Z 01/30/24,00Z 02/02/24
Union County,SC,0,N/S,202401300600,05Z 01/30/24,00Z 02/02/24
Nicollet County,MN,1,LIMITED,202401300600,05Z 01/30/24,00Z 02/02/24
Marinette County,WI,1,LIMITED,202401300600,05Z 01/30/24,00Z 02/02/24
Clark County,WA,0,N/S,202401300600,05Z 01/30/24,00Z 02/02/24
Price County,WI,1,LIMITED,202401300600,05Z 01/30/24,00Z 02/02/24
Miami County,IN,1,LIMITED,202401300600,05Z 01/30/24,00Z 02/02/24
Ellsworth County,KS,0,N/S,202401300600,05Z 01/30/24,00Z 02/02/24
West Carroll Parish,LA,0,N/S,202401300600,05Z 01/30/24,00Z 02/02/24
Liberty County,FL,0,N/S,202401300600,05Z 01/30/24,00Z 02/02/24
Hodgeman County,KS,0,N/S,202401300600,05Z 01/30/24,00Z 02/02/24
Meade County,KS,0,N/S,202401300600,05Z 01/30/24,00Z 02/02/24
McLean County,KY,0,N/S,202401300600,05Z 01/30/24,00Z 02/02/24
Adams County,MS,0,N/S,202401300600,05Z 01/30/24,00Z 02/02/24
Las Marías Municipio,PR,0,N/S,202401300600,05Z 01/30/24,00Z 02/02/24
Itawamba County,MS,0,N/S,202401300600,05Z 01/30/24,00Z 02/02/24
Franklin County,KY,0,N/S,202401300600,05Z 01/30/24,00Z 02/02/24
Hancock County,ME,0,N/S,202401300600,05Z 01/30/24,00Z 02/02/24
Knox County,ME,0,N/S,202401300600,05Z 01/30/24,00Z 02/02/24
Newton County,GA,0,N/S,202401300600,05Z 01/30/24,00Z 02/02/24
Faulk County,SD,1,LIMITED,202401300600,05Z 01/30/24,00Z 02/02/24
Houghton County,MI,1,LIMITED,202401300600,05Z 01/30/24,00Z 02/02/24
Mineral County,MT,1,LIMITED,202401300600,05Z 01/30/24,00Z 02/02/24
Franklin County,TN,0,N/S,202401300600,05Z 01/30/24,00Z 02/02/24
Concordia Parish,LA,0,N/S,202401300600,05Z 01/30/24,00Z 02/02/24
Livingston Parish,LA,0,N/S,202401300600,05Z 01/30/24,00Z 02/02/24
Essex County,MA,0,N/S,202401300600,05Z 01/30/24,00Z 02/02/24
Butte County,SD,0,N/S,202401300600,05Z 01/30/24,00Z 02/02/24
Douglas County,CO,1,LIMITED,202401300600,05Z 01/30/24,00Z 02/02/24
Richland County,SC,0,N/S,202401300600,05Z 01/30/24,00Z 02/02/24
Madison County,IN,0,N/S,202401300600,05Z 01/30/24,00Z 02/02/24
Murray County,OK,0,N/S,202401300600,05Z 01/30/24,00Z 02/02/24
Brooke County,WV,0,N/S,202401300600,05Z 01/30/24,00Z 02/02/24
Calhoun County,WV,0,N/S,202401300600,05Z 01/30/24,00Z 02/02/24
Bland County,VA,1,LIMITED,202401300600,05Z 01/30/24,00Z 02/02/24
Yellowstone County,MT,0,N/S,202401300600,05Z 01/30/24,00Z 02/02/24
Lincoln County,WV,0,N/S,202401300600,05Z 01/30/24,00Z 02/02/24
Lake County,CA,0,N/S,202401300600,05Z 01/30/24,00Z 02/02/24
Grady County,GA,0,N/S,202401300600,05Z 01/30/24,00Z 02/02/24
Conejos County,CO,2,MINOR,202401300600,05Z 01/30/24,00Z 02/02/24
San Juan County,UT,0,N/S,202401300600,05Z 01/30/24,00Z 02/02/24
Putnam County,IN,0,N/S,202401300600,05Z 01/30/24,00Z 02/02/24
Gooding County,ID,1,LIMITED,202401300600,05Z 01/30/24,00Z 02/02/24
Tipton County,TN,0,N/S,202401300600,05Z 01/30/24,00Z 02/02/24
West Baton Rouge Parish,LA,0,N/S,202401300600,05Z 01/30/24,00Z 02/02/24
Putnam County,MO,1,LIMITED,202401300600,05Z 01/30/24,00Z 02/02/24
Teton County,WY,1,LIMITED,202401300600,05Z 01/30/24,00Z 02/02/24
Grant County,WI,1,LIMITED,202401300600,05Z 01/30/24,00Z 02/02/24
Morton County,ND,1,LIMITED,202401300600,05Z 01/30/24,00Z 02/02/24
Chowan County,NC,0,N/S,202401300600,05Z 01/30/24,00Z 02/02/24
Buncombe County,NC,1,LIMITED,202401300600,05Z 01/30/24,00Z 02/02/24
Plumas County,CA,4,MAJOR,202401300600,05Z 01/30/24,00Z 02/02/24
Petersburg city,VA,0,N/S,202401300600,05Z 01/30/24,00Z 02/02/24
Washington County,VT,1,LIMITED,202401300600,05Z 01/30/24,00Z 02/02/24
Meade County,SD,0,N/S,202401300600,05Z 01/30/24,00Z 02/02/24
Marion County,IN,0,N/S,202401300600,05Z 01/30/24,00Z 02/02/24
Chicot County,AR,0,N/S,202401300600,05Z 01/30/24,00Z 02/02/24
Bibb County,GA,0,N/S,202401300600,05Z 01/30/24,00Z 02/02/24
Guayanilla Municipio,PR,0,N/S,202401300600,05Z 01/30/24,00Z 02/02/24
San Sebastián Municipio,PR,0,N/S,202401300600,05Z 01/30/24,00Z 02/02/24
Pope County,AR,0,N/S,202401300600,05Z 01/30/24,00Z 02/02/24
Southampton County,VA,0,N/S,202401300600,05Z 01/30/24,00Z 02/02/24
Gregg County,TX,0,N/S,202401300600,05Z 01/30/24,00Z 02/02/24
Rockland County,NY,1,LIMITED,202401300600,05Z 01/30/24,00Z 02/02/24
Marion County,AR,0,N/S,202401300600,05Z 01/30/24,00Z 02/02/24
Suffolk city,VA,0,N/S,202401300600,05Z 01/30/24,00Z 02/02/24
El Paso County,CO,0,N/S,202401300600,05Z 01/30/24,00Z 02/02/24
St. Francois County,MO,0,N/S,202401300600,05Z 01/30/24,00Z 02/02/24
Ward County,TX,0,N/S,202401300600,05Z 01/30/24,00Z 02/02/24
Kiowa County,CO,0,N/S,202401300600,05Z 01/30/24,00Z 02/02/24
Wilbarger County,TX,0,N/S,202401300600,05Z 01/30/24,00Z 02/02/24
Curry County,OR,0,N/S,202401300600,05Z 01/30/24,00Z 02/02/24
Teller County,CO,2,MINOR,202401300600,05Z 01/30/24,00Z 02/02/24
Clinton County,MO,1,LIMITED,202401300600,05Z 01/30/24,00Z 02/02/24
Wasatch County,UT,2,MINOR,202401300600,05Z 01/30/24,00Z 02/02/24
Caribou County,ID,1,LIMITED,202401300600,05Z 01/30/24,00Z 02/02/24
Rockingham County,NC,0,N/S,202401300600,05Z 01/30/24,00Z 02/02/24
Prairie County,AR,0,N/S,202401300600,05Z 01/30/24,00Z 02/02/24
Bradley County,AR,0,N/S,202401300600,05Z 01/30/24,00Z 02/02/24
Hamilton County,TX,0,N/S,202401300600,05Z 01/30/24,00Z 02/02/24
Caroline County,MD,0,N/S,202401300600,05Z 01/30/24,00Z 02/02/24
Douglas County,MN,1,LIMITED,202401300600,05Z 01/30/24,00Z 02/02/24
Jefferson County,MT,1,LIMITED,202401300600,05Z 01/30/24,00Z 02/02/24
Fairfax County,VA,0,N/S,202401300600,05Z 01/30/24,00Z 02/02/24
Deer Lodge County,MT,1,LIMITED,202401300600,05Z 01/30/24,00Z 02/02/24
Anderson County,TN,0,N/S,202401300600,05Z 01/30/24,00Z 02/02/24
Huron County,OH,1,LIMITED,202401300600,05Z 01/30/24,00Z 02/02/24
Bacon County,GA,0,N/S,202401300600,05Z 01/30/24,00Z 02/02/24
Kent County,DE,0,N/S,202401300600,05Z 01/30/24,00Z 02/02/24
Wood County,OH,0,N/S,202401300600,05Z 01/30/24,00Z 02/02/24
Jackson County,GA,0,N/S,202401300600,05Z 01/30/24,00Z 02/02/24
Anderson County,KS,0,N/S,202401300600,05Z 01/30/24,00Z 02/02/24
Knox County,IL,1,LIMITED,202401300600,05Z 01/30/24,00Z 02/02/24
Wheatland County,MT,0,N/S,202401300600,05Z 01/30/24,00Z 02/02/24
Cannon County,TN,0,N/S,202401300600,05Z 01/30/24,00Z 02/02/24
Franklin County,ME,0,N/S,202401300600,05Z 01/30/24,00Z 02/02/24
Menifee County,KY,0,N/S,202401300600,05Z 01/30/24,00Z 02/02/24
McPherson County,SD,1,LIMITED,202401300600,05Z 01/30/24,00Z 02/02/24
Gunnison County,CO,2,MINOR,202401300600,05Z 01/30/24,00Z 02/02/24
Charlevoix County,MI,0,N/S,202401300600,05Z 01/30/24,00Z 02/02/24
Swift County,MN,1,LIMITED,202401300600,05Z 01/30/24,00Z 02/02/24
Seneca County,OH,0,N/S,202401300600,05Z 01/30/24,00Z 02/02/24
Tattnall County,GA,0,N/S,202401300600,05Z 01/30/24,00Z 02/02/24
Stephens County,TX,0,N/S,202401300600,05Z 01/30/24,00Z 02/02/24
Martin County,NC,0,N/S,202401300600,05Z 01/30/24,00Z 02/02/24
Ravalli County,MT,1,LIMITED,202401300600,05Z 01/30/24,00Z 02/02/24
Wilkes County,GA,0,N/S,202401300600,05Z 01/30/24,00Z 02/02/24
Lincoln County,WA,0,N/S,202401300600,05Z 01/30/24,00Z 02/02/24
San Mateo County,CA,0,N/S,202401300600,05Z 01/30/24,00Z 02/02/24
Williams County,OH,0,N/S,202401300600,05Z 01/30/24,00Z 02/02/24
Baca County,CO,0,N/S,202401300600,05Z 01/30/24,00Z 02/02/24
Boundary County,ID,1,LIMITED,202401300600,05Z 01/30/24,00Z 02/02/24
Bear Lake County,ID,1,LIMITED,202401300600,05Z 01/30/24,00Z 02/02/24
Union County,OH,0,N/S,202401300600,05Z 01/30/24,00Z 02/02/24
Cuyahoga County,OH,0,N/S,202401300600,05Z 01/30/24,00Z 02/02/24
Lavaca County,TX,0,N/S,202401300600,05Z 01/30/24,00Z 02/02/24
Nowata County,OK,0,N/S,202401300600,05Z 01/30/24,00Z 02/02/24
Glascock County,GA,0,N/S,202401300600,05Z 01/30/24,00Z 02/02/24
Umatilla County,OR,0,N/S,202401300600,05Z 01/30/24,00Z 02/02/24
Oglala Lakota County,SD,1,LIMITED,202401300600,05Z 01/30/24,00Z 02/02/24
Marshall County,KS,1,LIMITED,202401300600,05Z 01/30/24,00Z 02/02/24
Madison Parish,LA,0,N/S,202401300600,05Z 01/30/24,00Z 02/02/24
Valley County,MT,1,LIMITED,202401300600,05Z 01/30/24,00Z 02/02/24
Whitfield County,GA,0,N/S,202401300600,05Z 01/30/24,00Z 02/02/24
Wichita County,KS,0,N/S,202401300600,05Z 01/30/24,00Z 02/02/24
Charles Mix County,SD,1,LIMITED,202401300600,05Z 01/30/24,00Z 02/02/24
Cedar County,NE,1,LIMITED,202401300600,05Z 01/30/24,00Z 02/02/24
Kitsap County,WA,0,N/S,202401300600,05Z 01/30/24,00Z 02/02/24
McHenry County,IL,0,N/S,202401300600,05Z 01/30/24,00Z 02/02/24
Petroleum County,MT,0,N/S,202401300600,05Z 01/30/24,00Z 02/02/24
Carroll County,MO,1,LIMITED,202401300600,05Z 01/30/24,00Z 02/02/24
Whitman County,WA,0,N/S,202401300600,05Z 01/30/24,00Z 02/02/24
Steele County,MN,1,LIMITED,202401300600,05Z 01/30/24,00Z 02/02/24
Thayer County,NE,1,LIMITED,202401300600,05Z 01/30/24,00Z 02/02/24
Crockett County,TN,0,N/S,202401300600,05Z 01/30/24,00Z 02/02/24
Hamilton County,IA,1,LIMITED,202401300600,05Z 01/30/24,00Z 02/02/24
Warren County,OH,0,N/S,202401300600,05Z 01/30/24,00Z 02/02/24
Spalding County,GA,0,N/S,202401300600,05Z 01/30/24,00Z 02/02/24
Hunterdon County,NJ,0,N/S,202401300600,05Z 01/30/24,00Z 02/02/24
Vernon County,MO,0,N/S,202401300600,05Z 01/30/24,00Z 02/02/24
Parke County,IN,0,N/S,202401300600,05Z 01/30/24,00Z 02/02/24
Franklin County,IA,1,LIMITED,202401300600,05Z 01/30/24,00Z 02/02/24
Butts County,GA,0,N/S,202401300600,05Z 01/30/24,00Z 02/02/24
Elbert County,CO,0,N/S,202401300600,05Z 01/30/24,00Z 02/02/24
Bristol County,RI,0,N/S,202401300600,05Z 01/30/24,00Z 02/02/24
Bosque County,TX,0,N/S,202401300600,05Z 01/30/24,00Z 02/02/24
Newport County,RI,0,N/S,202401300600,05Z 01/30/24,00Z 02/02/24
Fairfield County,OH,0,N/S,202401300600,05Z 01/30/24,00Z 02/02/24
Pierce County,ND,1,LIMITED,202401300600,05Z 01/30/24,00Z 02/02/24
Carroll County,IL,1,LIMITED,202401300600,05Z 01/30/24,00Z 02/02/24
Red Lake County,MN,1,LIMITED,202401300600,05Z 01/30/24,00Z 02/02/24
Jefferson County,OR,0,N/S,202401300600,05Z 01/30/24,00Z 02/02/24
Cheatham County,TN,0,N/S,202401300600,05Z 01/30/24,00Z 02/02/24
Union County,SD,1,LIMITED,202401300600,05Z 01/30/24,00Z 02/02/24
Elmore County,AL,0,N/S,202401300600,05Z 01/30/24,00Z 02/02/24
Lumpkin County,GA,0,N/S,202401300600,05Z 01/30/24,00Z 02/02/24
Knox County,OH,1,LIMITED,202401300600,05Z 01/30/24,00Z 02/02/24
Bremer County,IA,1,LIMITED,202401300600,05Z 01/30/24,00Z 02/02/24
Goliad County,TX,0,N/S,202401300600,05Z 01/30/24,00Z 02/02/24
Henderson County,NC,0,N/S,202401300600,05Z 01/30/24,00Z 02/02/24
Indian River County,FL,0,N/S,202401300600,05Z 01/30/24,00Z 02/02/24
Roberts County,TX,0,N/S,202401300600,05Z 01/30/24,00Z 02/02/24
Deuel County,NE,0,N/S,202401300600,05Z 01/30/24,00Z 02/02/24
Livingston County,NY,1,LIMITED,202401300600,05Z 01/30/24,00Z 02/02/24
O'Brien County,IA,1,LIMITED,202401300600,05Z 01/30/24,00Z 02/02/24
Callahan County,TX,0,N/S,202401300600,05Z 01/30/24,00Z 02/02/24
Rains County,TX,0,N/S,202401300600,05Z 01/30/24,00Z 02/02/24
Grant County,KS,0,N/S,202401300600,05Z 01/30/24,00Z 02/02/24
Lee County,VA,0,N/S,202401300600,05Z 01/30/24,00Z 02/02/24
Sierra County,NM,0,N/S,202401300600,05Z 01/30/24,00Z 02/02/24
Drew County,AR,0,N/S,202401300600,05Z 01/30/24,00Z 02/02/24
Morrill County,NE,0,N/S,202401300600,05Z 01/30/24,00Z 02/02/24
Benton County,MO,0,N/S,202401300600,05Z 01/30/24,00Z 02/02/24
Pike County,AR,0,N/S,202401300600,05Z 01/30/24,00Z 02/02/24
Mesa County,CO,1,LIMITED,202401300600,05Z 01/30/24,00Z 02/02/24
Dent County,MO,0,N/S,202401300600,05Z 01/30/24,00Z 02/02/24
Tazewell County,VA,1,LIMITED,202401300600,05Z 01/30/24,00Z 02/02/24
Pike County,PA,1,LIMITED,202401300600,05Z 01/30/24,00Z 02/02/24
Susquehanna County,PA,1,LIMITED,202401300600,05Z 01/30/24,00Z 02/02/24
Morris County,TX,0,N/S,202401300600,05Z 01/30/24,00Z 02/02/24
Washington County,PA,0,N/S,202401300600,05Z 01/30/24,00Z 02/02/24
Addison County,VT,1,LIMITED,202401300600,05Z 01/30/24,00Z 02/02/24
Leavenworth County,KS,1,LIMITED,202401300600,05Z 01/30/24,00Z 02/02/24
Muskegon County,MI,0,N/S,202401300600,05Z 01/30/24,00Z 02/02/24
Copper River Census Area,AK,0,N/S,202401300600,05Z 01/30/24,00Z 02/02/24
Chugach Census Area,AK,0,N/S,202401300600,05Z 01/30/24,00Z 02/02/24
Hinds County,MS,0,N/S,202401300600,05Z 01/30/24,00Z 02/02/24
Lampasas County,TX,0,N/S,202401300600,05Z 01/30/24,00Z 02/02/24
Loudoun County,VA,0,N/S,202401300600,05Z 01/30/24,00Z 02/02/24
St. Clair County,MO,0,N/S,202401300600,05Z 01/30/24,00Z 02/02/24
Delaware County,NY,1,LIMITED,202401300600,05Z 01/30/24,00Z 02/02/24
Phillips County,MT,1,LIMITED,202401300600,05Z 01/30/24,00Z 02/02/24
Mercer County,MO,1,LIMITED,202401300600,05Z 01/30/24,00Z 02/02/24
Mason County,WA,0,N/S,202401300600,05Z 01/30/24,00Z 02/02/24
Nash County,NC,0,N/S,202401300600,05Z 01/30/24,00Z 02/02/24
York County,VA,0,N/S,202401300600,05Z 01/30/24,00Z 02/02/24
Pettis County,MO,1,LIMITED,202401300600,05Z 01/30/24,00Z 02/02/24
Missoula County,MT,1,LIMITED,202401300600,05Z 01/30/24,00Z 02/02/24
Chautauqua County,KS,0,N/S,202401300600,05Z 01/30/24,00Z 02/02/24
Upshur County,TX,0,N/S,202401300600,05Z 01/30/24,00Z 02/02/24
Culpeper County,VA,0,N/S,202401300600,05Z 01/30/24,00Z 02/02/24
Haskell County,OK,0,N/S,202401300600,05Z 01/30/24,00Z 02/02/24
Ohio County,WV,0,N/S,202401300600,05Z 01/30/24,00Z 02/02/24
Morgan County,WV,1,LIMITED,202401300600,05Z 01/30/24,00Z 02/02/24
Rockingham County,VA,1,LIMITED,202401300600,05Z 01/30/24,00Z 02/02/24
Whitley County,IN,0,N/S,202401300600,05Z 01/30/24,00Z 02/02/24
Siskiyou County,CA,2,MINOR,202401300600,05Z 01/30/24,00Z 02/02/24
Day County,SD,1,LIMITED,202401300600,05Z 01/30/24,00Z 02/02/24
Orleans Parish,LA,0,N/S,202401300600,05Z 01/30/24,00Z 02/02/24
Jefferson County,AL,0,N/S,202401300600,05Z 01/30/24,00Z 02/02/24
Walker County,AL,0,N/S,202401300600,05Z 01/30/24,00Z 02/02/24
DeKalb County,MO,1,LIMITED,202401300600,05Z 01/30/24,00Z 02/02/24
Gadsden County,FL,0,N/S,202401300600,05Z 01/30/24,00Z 02/02/24
Dade County,GA,0,N/S,202401300600,05Z 01/30/24,00Z 02/02/24
DeSoto County,MS,0,N/S,202401300600,05Z 01/30/24,00Z 02/02/24
Warren County,VA,1,LIMITED,202401300600,05Z 01/30/24,00Z 02/02/24
Edwards County,IL,0,N/S,202401300600,05Z 01/30/24,00Z 02/02/24
Madison County,TN,0,N/S,202401300600,05Z 01/30/24,00Z 02/02/24
Saipan Municipality,MP,0,N/S,202401300600,05Z 01/30/24,00Z 02/02/24
Randolph County,AL,0,N/S,202401300600,05Z 01/30/24,00Z 02/02/24
Ashe County,NC,1,LIMITED,202401300600,05Z 01/30/24,00Z 02/02/24
Dolores County,CO,1,LIMITED,202401300600,05Z 01/30/24,00Z 02/02/24
Licking County,OH,0,N/S,202401300600,05Z 01/30/24,00Z 02/02/24
Manassas city,VA,0,N/S,202401300600,05Z 01/30/24,00Z 02/02/24
Union County,AR,0,N/S,202401300600,05Z 01/30/24,00Z 02/02/24
Henderson County,IL,0,N/S,202401300600,05Z 01/30/24,00Z 02/02/24
Montgomery County,AL,0,N/S,202401300600,05Z 01/30/24,00Z 02/02/24
Arapahoe County,CO,0,N/S,202401300600,05Z 01/30/24,00Z 02/02/24
Marion County,KY,0,N/S,202401300600,05Z 01/30/24,00Z 02/02/24
Skagit County,WA,0,N/S,202401300600,05Z 01/30/24,00Z 02/02/24
Jones County,MS,0,N/S,202401300600,05Z 01/30/24,00Z 02/02/24
Columbia County,WI,1,LIMITED,202401300600,05Z 01/30/24,00Z 02/02/24
Brunswick County,NC,0,N/S,202401300600,05Z 01/30/24,00Z 02/02/24
Clearwater County,MN,1,LIMITED,202401300600,05Z 01/30/24,00Z 02/02/24
Northampton County,VA,0,N/S,202401300600,05Z 01/30/24,00Z 02/02/24
Rooks County,KS,0,N/S,202401300600,05Z 01/30/24,00Z 02/02/24
Fayette County,IN,0,N/S,202401300600,05Z 01/30/24,00Z 02/02/24
Hall County,NE,1,LIMITED,202401300600,05Z 01/30/24,00Z 02/02/24
Hamilton County,NE,1,LIMITED,202401300600,05Z 01/30/24,00Z 02/02/24
Loup County,NE,1,LIMITED,202401300600,05Z 01/30/24,00Z 02/02/24
Sheridan County,MT,1,LIMITED,202401300600,05Z 01/30/24,00Z 02/02/24
Frontier County,NE,0,N/S,202401300600,05Z 01/30/24,00Z 02/02/24
Luquillo Municipio,PR,0,N/S,202401300600,05Z 01/30/24,00Z 02/02/24
Bibb County,AL,0,N/S,202401300600,05Z 01/30/24,00Z 02/02/24
Lauderdale County,MS,0,N/S,202401300600,05Z 01/30/24,00Z 02/02/24
Big Stone County,MN,1,LIMITED,202401300600,05Z 01/30/24,00Z 02/02/24
Blue Earth County,MN,1,LIMITED,202401300600,05Z 01/30/24,00Z 02/02/24
Highland County,VA,1,LIMITED,202401300600,05Z 01/30/24,00Z 02/02/24
Spotsylvania County,VA,0,N/S,202401300600,05Z 01/30/24,00Z 02/02/24
Strafford County,NH,0,N/S,202401300600,05Z 01/30/24,00Z 02/02/24
Houston County,GA,0,N/S,202401300600,05Z 01/30/24,00Z 02/02/24
Delta County,MI,1,LIMITED,202401300600,05Z 01/30/24,00Z 02/02/24
Sebastian County,AR,0,N/S,202401300600,05Z 01/30/24,00Z 02/02/24
Santa Cruz County,CA,0,N/S,202401300600,05Z 01/30/24,00Z 02/02/24
McIntosh County,GA,0,N/S,202401300600,05Z 01/30/24,00Z 02/02/24
Monroe County,GA,0,N/S,202401300600,05Z 01/30/24,00Z 02/02/24
Dunklin County,MO,0,N/S,202401300600,05Z 01/30/24,00Z 02/02/24
Wheeler County,TX,0,N/S,202401300600,05Z 01/30/24,00Z 02/02/24
Forsyth County,GA,0,N/S,202401300600,05Z 01/30/24,00Z 02/02/24
San Patricio County,TX,0,N/S,202401300600,05Z 01/30/24,00Z 02/02/24
Walthall County,MS,0,N/S,202401300600,05Z 01/30/24,00Z 02/02/24
Monroe County,MO,0,N/S,202401300600,05Z 01/30/24,00Z 02/02/24
Isabella County,MI,0,N/S,202401300600,05Z 01/30/24,00Z 02/02/24
Moore County,TX,0,N/S,202401300600,05Z 01/30/24,00Z 02/02/24
Calhoun County,SC,0,N/S,202401300600,05Z 01/30/24,00Z 02/02/24
Sublette County,WY,1,LIMITED,202401300600,05Z 01/30/24,00Z 02/02/24
Fleming County,KY,0,N/S,202401300600,05Z 01/30/24,00Z 02/02/24
Clark County,WI,1,LIMITED,202401300600,05Z 01/30/24,00Z 02/02/24
York County,SC,0,N/S,202401300600,05Z 01/30/24,00Z 02/02/24
Adams County,IN,0,N/S,202401300600,05Z 01/30/24,00Z 02/02/24
Ascension Parish,LA,0,N/S,202401300600,05Z 01/30/24,00Z 02/02/24
Union County,PA,0,N/S,202401300600,05Z 01/30/24,00Z 02/02/24
Chesterfield County,VA,0,N/S,202401300600,05Z 01/30/24,00Z 02/02/24
Acadia Parish,LA,0,N/S,202401300600,05Z 01/30/24,00Z 02/02/24
Crawford County,PA,1,LIMITED,202401300600,05Z 01/30/24,00Z 02/02/24
Tripp County,SD,1,LIMITED,202401300600,05Z 01/30/24,00Z 02/02/24
Guthrie County,IA,1,LIMITED,202401300600,05Z 01/30/24,00Z 02/02/24
Washington County,IA,1,LIMITED,202401300600,05Z 01/30/24,00Z 02/02/24
Sanborn County,SD,1,LIMITED,202401300600,05Z 01/30/24,00Z 02/02/24
Grady County,OK,0,N/S,202401300600,05Z 01/30/24,00Z 02/02/24
Kanawha County,WV,0,N/S,202401300600,05Z 01/30/24,00Z 02/02/24
St. Croix County,WI,1,LIMITED,202401300600,05Z 01/30/24,00Z 02/02/24
Venango County,PA,1,LIMITED,202401300600,05Z 01/30/24,00Z 02/02/24
Summit County,OH,0,N/S,202401300600,05Z 01/30/24,00Z 02/02/24
Glynn County,GA,0,N/S,202401300600,05Z 01/30/24,00Z 02/02/24
Webb County,TX,0,N/S,202401300600,05Z 01/30/24,00Z 02/02/24
Montgomery County,NC,0,N/S,202401300600,05Z 01/30/24,00Z 02/02/24
Aroostook County,ME,0,N/S,202401300600,05Z 01/30/24,00Z 02/02/24
Jefferson Davis County,MS,0,N/S,202401300600,05Z 01/30/24,00Z 02/02/24
Washington County,IN,0,N/S,202401300600,05Z 01/30/24,00Z 02/02/24
Blanco County,TX,0,N/S,202401300600,05Z 01/30/24,00Z 02/02/24
Brunswick County,VA,0,N/S,202401300600,05Z 01/30/24,00Z 02/02/24
Dyer County,TN,0,N/S,202401300600,05Z 01/30/24,00Z 02/02/24
Gibson County,TN,0,N/S,202401300600,05Z 01/30/24,00Z 02/02/24
Prince George County,VA,0,N/S,202401300600,05Z 01/30/24,00Z 02/02/24
Lawrence County,AR,0,N/S,202401300600,05Z 01/30/24,00Z 02/02/24
Eddy County,ND,1,LIMITED,202401300600,05Z 01/30/24,00Z 02/02/24
Pierce County,WA,0,N/S,202401300600,05Z 01/30/24,00Z 02/02/24
Lincoln County,ID,1,LIMITED,202401300600,05Z 01/30/24,00Z 02/02/24
Lancaster County,PA,0,N/S,202401300600,05Z 01/30/24,00Z 02/02/24
Juneau County,WI,1,LIMITED,202401300600,05Z 01/30/24,00Z 02/02/24
Scott County,TN,0,N/S,202401300600,05Z 01/30/24,00Z 02/02/24
Corson County,SD,1,LIMITED,202401300600,05Z 01/30/24,00Z 02/02/24
Gregory County,SD,1,LIMITED,202401300600,05Z 01/30/24,00Z 02/02/24
Vance County,NC,0,N/S,202401300600,05Z 01/30/24,00Z 02/02/24
Caldwell County,KY,0,N/S,202401300600,05Z 01/30/24,00Z 02/02/24
Barnwell County,SC,0,N/S,202401300600,05Z 01/30/24,00Z 02/02/24
Decatur County,TN,0,N/S,202401300600,05Z 01/30/24,00Z 02/02/24
Blackford County,IN,0,N/S,202401300600,05Z 01/30/24,00Z 02/02/24
Etowah County,AL,0,N/S,202401300600,05Z 01/30/24,00Z 02/02/24
Camas County,ID,2,MINOR,202401300600,05Z 01/30/24,00Z 02/02/24
Reno County,KS,0,N/S,202401300600,05Z 01/30/24,00Z 02/02/24
Maury County,TN,0,N/S,202401300600,05Z 01/30/24,00Z 02/02/24
Goshen County,WY,0,N/S,202401300600,05Z 01/30/24,00Z 02/02/24
Rusk County,WI,1,LIMITED,202401300600,05Z 01/30/24,00Z 02/02/24
Waukesha County,WI,1,LIMITED,202401300600,05Z 01/30/24,00Z 02/02/24
Garrard County,KY,0,N/S,202401300600,05Z 01/30/24,00Z 02/02/24
Norfolk County,MA,0,N/S,202401300600,05Z 01/30/24,00Z 02/02/24
Hendricks County,IN,0,N/S,202401300600,05Z 01/30/24,00Z 02/02/24
Jackson County,IL,0,N/S,202401300600,05Z 01/30/24,00Z 02/02/24
Georgetown County,SC,0,N/S,202401300600,05Z 01/30/24,00Z 02/02/24
Hettinger County,ND,0,N/S,202401300600,05Z 01/30/24,00Z 02/02/24
Grand County,UT,0,N/S,202401300600,05Z 01/30/24,00Z 02/02/24
Tooele County,UT,0,N/S,202401300600,05Z 01/30/24,00Z 02/02/24
Hampton city,VA,0,N/S,202401300600,05Z 01/30/24,00Z 02/02/24
Buffalo County,WI,1,LIMITED,202401300600,05Z 01/30/24,00Z 02/02/24
Frederick County,VA,0,N/S,202401300600,05Z 01/30/24,00Z 02/02/24
Lewis County,WV,0,N/S,202401300600,05Z 01/30/24,00Z 02/02/24
Polk County,MN,1,LIMITED,202401300600,05Z 01/30/24,00Z 02/02/24
Redwood County,MN,1,LIMITED,202401300600,05Z 01/30/24,00Z 02/02/24
Fayette County,TN,0,N/S,202401300600,05Z 01/30/24,00Z 02/02/24
Swains Island,AS,0,N/S,202401300600,05Z 01/30/24,00Z 02/02/24
St. Charles Parish,LA,0,N/S,202401300600,05Z 01/30/24,00Z 02/02/24
Poinsett County,AR,0,N/S,202401300600,05Z 01/30/24,00Z 02/02/24
Gulf County,FL,0,N/S,202401300600,05Z 01/30/24,00Z 02/02/24
Hamblen County,TN,0,N/S,202401300600,05Z 01/30/24,00Z 02/02/24
Chilton County,AL,0,N/S,202401300600,05Z 01/30/24,00Z 02/02/24
Newton County,TX,0,N/S,202401300600,05Z 01/30/24,00Z 02/02/24
Hockley County,TX,0,N/S,202401300600,05Z 01/30/24,00Z 02/02/24
Baldwin County,GA,0,N/S,202401300600,05Z 01/30/24,00Z 02/02/24
Transylvania County,NC,1,LIMITED,202401300600,05Z 01/30/24,00Z 02/02/24
Surry County,NC,0,N/S,202401300600,05Z 01/30/24,00Z 02/02/24
Coffee County,AL,0,N/S,202401300600,05Z 01/30/24,00Z 02/02/24
Shelby County,OH,0,N/S,202401300600,05Z 01/30/24,00Z 02/02/24
Canyon County,ID,1,LIMITED,202401300600,05Z 01/30/24,00Z 02/02/24
Daniels County,MT,0,N/S,202401300600,05Z 01/30/24,00Z 02/02/24
Leon County,FL,0,N/S,202401300600,05Z 01/30/24,00Z 02/02/24
Payne County,OK,0,N/S,202401300600,05Z 01/30/24,00Z 02/02/24
Covington County,AL,0,N/S,202401300600,05Z 01/30/24,00Z 02/02/24
Lawrence County,IN,1,LIMITED,202401300600,05Z 01/30/24,00Z 02/02/24
Gray County,KS,0,N/S,202401300600,05Z 01/30/24,00Z 02/02/24
Casey County,KY,0,N/S,202401300600,05Z 01/30/24,00Z 02/02/24
Metcalfe County,KY,0,N/S,202401300600,05Z 01/30/24,00Z 02/02/24
Russell County,KY,0,N/S,202401300600,05Z 01/30/24,00Z 02/02/24
Beauregard Parish,LA,0,N/S,202401300600,05Z 01/30/24,00Z 02/02/24
Somerset County,ME,0,N/S,202401300600,05Z 01/30/24,00Z 02/02/24
Cimarron County,OK,0,N/S,202401300600,05Z 01/30/24,00Z 02/02/24
Meade County,KY,0,N/S,202401300600,05Z 01/30/24,00Z 02/02/24
Nelson County,KY,0,N/S,202401300600,05Z 01/30/24,00Z 02/02/24
Owen County,KY,0,N/S,202401300600,05Z 01/30/24,00Z 02/02/24
Pemiscot County,MO,0,N/S,202401300600,05Z 01/30/24,00Z 02/02/24
Nance County,NE,1,LIMITED,202401300600,05Z 01/30/24,00Z 02/02/24
Menominee County,WI,1,LIMITED,202401300600,05Z 01/30/24,00Z 02/02/24
Panola County,TX,0,N/S,202401300600,05Z 01/30/24,00Z 02/02/24
Bath County,KY,0,N/S,202401300600,05Z 01/30/24,00Z 02/02/24
Anderson County,TX,0,N/S,202401300600,05Z 01/30/24,00Z 02/02/24
Caroline County,VA,0,N/S,202401300600,05Z 01/30/24,00Z 02/02/24
Sioux County,IA,1,LIMITED,202401300600,05Z 01/30/24,00Z 02/02/24
Glenn County,CA,0,N/S,202401300600,05Z 01/30/24,00Z 02/02/24
St. Louis city,MO,0,N/S,202401300600,05Z 01/30/24,00Z 02/02/24
Fannin County,GA,0,N/S,202401300600,05Z 01/30/24,00Z 02/02/24
Grant County,SD,1,LIMITED,202401300600,05Z 01/30/24,00Z 02/02/24
Marshall County,SD,1,LIMITED,202401300600,05Z 01/30/24,00Z 02/02/24
Thurston County,WA,0,N/S,202401300600,05Z 01/30/24,00Z 02/02/24
Knox County,NE,1,LIMITED,202401300600,05Z 01/30/24,00Z 02/02/24
Valencia County,NM,0,N/S,202401300600,05Z 01/30/24,00Z 02/02/24
Prairie County,MT,1,LIMITED,202401300600,05Z 01/30/24,00Z 02/02/24
Allamakee County,IA,1,LIMITED,202401300600,05Z 01/30/24,00Z 02/02/24
Cameron County,TX,0,N/S,202401300600,05Z 01/30/24,00Z 02/02/24
Montgomery County,TX,0,N/S,202401300600,05Z 01/30/24,00Z 02/02/24
Las Animas County,CO,0,N/S,202401300600,05Z 01/30/24,00Z 02/02/24
Llano County,TX,0,N/S,202401300600,05Z 01/30/24,00Z 02/02/24
Mason County,TX,0,N/S,202401300600,05Z 01/30/24,00Z 02/02/24
Clay County,NC,1,LIMITED,202401300600,05Z 01/30/24,00Z 02/02/24
Orange County,NY,1,LIMITED,202401300600,05Z 01/30/24,00Z 02/02/24
Schenectady County,NY,1,LIMITED,202401300600,05Z 01/30/24,00Z 02/02/24
Mingo County,WV,0,N/S,202401300600,05Z 01/30/24,00Z 02/02/24
Wabaunsee County,KS,1,LIMITED,202401300600,05Z 01/30/24,00Z 02/02/24
Houston County,MN,1,LIMITED,202401300600,05Z 01/30/24,00Z 02/02/24
Nicholas County,KY,0,N/S,202401300600,05Z 01/30/24,00Z 02/02/24
Plymouth County,MA,0,N/S,202401300600,05Z 01/30/24,00Z 02/02/24
Bronx County,NY,0,N/S,202401300600,05Z 01/30/24,00Z 02/02/24
Dare County,NC,0,N/S,202401300600,05Z 01/30/24,00Z 02/02/24
Medina County,OH,0,N/S,202401300600,05Z 01/30/24,00Z 02/02/24
Armstrong County,PA,0,N/S,202401300600,05Z 01/30/24,00Z 02/02/24
Atlantic County,NJ,0,N/S,202401300600,05Z 01/30/24,00Z 02/02/24
Manitowoc County,WI,0,N/S,202401300600,05Z 01/30/24,00Z 02/02/24
Door County,WI,0,N/S,202401300600,05Z 01/30/24,00Z 02/02/24
Columbus County,NC,0,N/S,202401300600,05Z 01/30/24,00Z 02/02/24
Gallia County,OH,0,N/S,202401300600,05Z 01/30/24,00Z 02/02/24
Taylor County,TX,0,N/S,202401300600,05Z 01/30/24,00Z 02/02/24
Colonial Heights city,VA,0,N/S,202401300600,05Z 01/30/24,00Z 02/02/24
Coshocton County,OH,0,N/S,202401300600,05Z 01/30/24,00Z 02/02/24
Perkins County,NE,0,N/S,202401300600,05Z 01/30/24,00Z 02/02/24
Hartley County,TX,0,N/S,202401300600,05Z 01/30/24,00Z 02/02/24
Grand County,CO,2,MINOR,202401300600,05Z 01/30/24,00Z 02/02/24
Jim Wells County,TX,0,N/S,202401300600,05Z 01/30/24,00Z 02/02/24
Winnebago County,IA,1,LIMITED,202401300600,05Z 01/30/24,00Z 02/02/24
San Luis Obispo County,CA,0,N/S,202401300600,05Z 01/30/24,00Z 02/02/24
Henry County,AL,0,N/S,202401300600,05Z 01/30/24,00Z 02/02/24
Wyandot County,OH,0,N/S,202401300600,05Z 01/30/24,00Z 02/02/24
Zapata County,TX,0,N/S,202401300600,05Z 01/30/24,00Z 02/02/24
Lee County,GA,0,N/S,202401300600,05Z 01/30/24,00Z 02/02/24
Boyd County,KY,0,N/S,202401300600,05Z 01/30/24,00Z 02/02/24
Carver County,MN,1,LIMITED,202401300600,05Z 01/30/24,00Z 02/02/24
Colfax County,NE,1,LIMITED,202401300600,05Z 01/30/24,00Z 02/02/24
Chesterfield County,SC,0,N/S,202401300600,05Z 01/30/24,00Z 02/02/24
Lewis County,TN,0,N/S,202401300600,05Z 01/30/24,00Z 02/02/24
Washington County,OR,0,N/S,202401300600,05Z 01/30/24,00Z 02/02/24
Virginia Beach city,VA,0,N/S,202401300600,05Z 01/30/24,00Z 02/02/24
Madison County,MT,1,LIMITED,202401300600,05Z 01/30/24,00Z 02/02/24
Lancaster County,VA,0,N/S,202401300600,05Z 01/30/24,00Z 02/02/24
Bates County,MO,0,N/S,202401300600,05Z 01/30/24,00Z 02/02/24
Belknap County,NH,0,N/S,202401300600,05Z 01/30/24,00Z 02/02/24
Richmond County,VA,0,N/S,202401300600,05Z 01/30/24,00Z 02/02/24
Skagway Municipality,AK,0,N/S,202401300600,05Z 01/30/24,00Z 02/02/24
Hoonah-Angoon Census Area,AK,0,N/S,202401300600,05Z 01/30/24,00Z 02/02/24
Franklin County,WA,0,N/S,202401300600,05Z 01/30/24,00Z 02/02/24
Ida County,IA,1,LIMITED,202401300600,05Z 01/30/24,00Z 02/02/24
Sedgwick County,KS,0,N/S,202401300600,05Z 01/30/24,00Z 02/02/24
Travis County,TX,0,N/S,202401300600,05Z 01/30/24,00Z 02/02/24
Hillsborough County,FL,0,N/S,202401300600,05Z 01/30/24,00Z 02/02/24
Mercer County,NJ,0,N/S,202401300600,05Z 01/30/24,00Z 02/02/24
Butler County,NE,1,LIMITED,202401300600,05Z 01/30/24,00Z 02/02/24
Westmoreland County,PA,0,N/S,202401300600,05Z 01/30/24,00Z 02/02/24
Charlotte County,FL,0,N/S,202401300600,05Z 01/30/24,00Z 02/02/24
Cass County,IA,1,LIMITED,202401300600,05Z 01/30/24,00Z 02/02/24
Mercer County,OH,0,N/S,202401300600,05Z 01/30/24,00Z 02/02/24
Rose Island,AS,0,N/S,202401300600,05Z 01/30/24,00Z 02/02/24
Johnson County,KY,0,N/S,202401300600,05Z 01/30/24,00Z 02/02/24
Kent County,RI,0,N/S,202401300600,05Z 01/30/24,00Z 02/02/24
Windham County,VT,0,N/S,202401300600,05Z 01/30/24,00Z 02/02/24
Orleans County,VT,1,LIMITED,202401300600,05Z 01/30/24,00Z 02/02/24
Jackson County,KS,1,LIMITED,202401300600,05Z 01/30/24,00Z 02/02/24
Franklin Parish,LA,0,N/S,202401300600,05Z 01/30/24,00Z 02/02/24
Webster County,MS,0,N/S,202401300600,05Z 01/30/24,00Z 02/02/24
Franklin County,MA,0,N/S,202401300600,05Z 01/30/24,00Z 02/02/24
Cherry County,NE,0,N/S,202401300600,05Z 01/30/24,00Z 02/02/24
Beaverhead County,MT,1,LIMITED,202401300600,05Z 01/30/24,00Z 02/02/24
New Madrid County,MO,0,N/S,202401300600,05Z 01/30/24,00Z 02/02/24
Hempstead County,AR,0,N/S,202401300600,05Z 01/30/24,00Z 02/02/24
Camden County,MO,0,N/S,202401300600,05Z 01/30/24,00Z 02/02/24
Mecklenburg County,VA,0,N/S,202401300600,05Z 01/30/24,00Z 02/02/24
Webster County,KY,0,N/S,202401300600,05Z 01/30/24,00Z 02/02/24
Garfield County,OK,0,N/S,202401300600,05Z 01/30/24,00Z 02/02/24
Skamania County,WA,0,N/S,202401300600,05Z 01/30/24,00Z 02/02/24
Lenawee County,MI,0,N/S,202401300600,05Z 01/30/24,00Z 02/02/24
Gilmer County,GA,0,N/S,202401300600,05Z 01/30/24,00Z 02/02/24
Roseau County,MN,1,LIMITED,202401300600,05Z 01/30/24,00Z 02/02/24
Madison County,MS,0,N/S,202401300600,05Z 01/30/24,00Z 02/02/24
Howard County,TX,0,N/S,202401300600,05Z 01/30/24,00Z 02/02/24
Wayne County,WV,0,N/S,202401300600,05Z 01/30/24,00Z 02/02/24
